1,2,3,4,5,6
0.0,-4.8,-19.2,-24.0,-43.199999999999996,-52.8
4.8,0.0,-14.399999999999999,-19.2,-38.4,-48.0
19.2,14.399999999999999,0.0,-4.8,-24.0,-33.6
24.0,19.2,4.8,0.0,-19.2,-28.799999999999997
43.199999999999996,38.4,24.0,19.2,0.0,-9.6
52.8,48.0,33.6,28.799999999999997,9.6,0.0
