room,time,outcome,sale
1,1,1,-0.0
1,1,2,-0.0
1,1,3,-0.0
1,1,4,-0.0
1,1,5,-0.0
1,1,6,-0.0
1,1,7,-0.0
1,1,8,-0.0
1,1,9,-0.0
1,1,10,-0.0
1,1,11,-0.0
1,1,12,-0.0
1,1,13,-0.0
1,1,14,-0.0
1,1,15,-0.0
1,1,16,15.0
1,1,17,16.0
1,1,18,17.0
1,1,19,18.0
1,1,20,19.0
1,1,21,20.0
1,1,22,21.0
1,1,23,22.0
1,1,24,23.0
1,1,25,24.0
1,1,26,25.0
1,1,27,26.0
1,1,28,27.0
1,1,29,28.0
1,1,30,29.0
1,1,31,30.0
1,1,32,31.0
1,1,33,32.0
1,1,34,33.0
1,1,35,34.0
1,1,36,35.0
1,1,37,36.0
1,1,38,37.0
1,1,39,38.0
1,1,40,39.0
1,1,41,40.0
1,1,42,41.0
1,1,43,42.0
1,1,44,43.0
1,1,45,44.0
1,1,46,45.0
1,1,47,46.0
1,1,48,47.0
1,1,49,48.0
1,1,50,49.0
1,1,51,50.0
1,1,52,51.0
1,1,53,52.0
1,1,54,53.0
1,1,55,54.0
1,1,56,55.0
1,1,57,56.0
1,1,58,57.0
1,1,59,58.0
1,1,60,59.0
1,1,61,60.0
1,1,62,61.0
1,1,63,62.0
1,1,64,63.0
1,1,65,64.0
1,1,66,65.0
1,1,67,66.0
1,1,68,67.0
1,1,69,68.0
1,1,70,69.0
1,1,71,70.0
1,1,72,71.0
1,1,73,72.0
1,1,74,73.0
1,1,75,74.0
1,1,76,-0.0
1,1,77,-0.0
1,1,78,-0.0
1,1,79,-0.0
1,1,80,-0.0
1,1,81,-0.0
1,1,82,-0.0
1,1,83,-0.0
1,1,84,-0.0
1,1,85,-0.0
1,1,86,-0.0
1,1,87,-0.0
1,1,88,-0.0
1,1,89,-0.0
1,1,90,-0.0
1,1,91,-0.0
1,1,92,-0.0
1,1,93,-0.0
1,1,94,-0.0
1,1,95,-0.0
1,1,96,-0.0
1,1,97,-0.0
1,1,98,-0.0
1,1,99,-0.0
1,1,100,-0.0
1,1,101,-0.0
1,10,1,-0.0
1,10,2,-0.0
1,10,3,-0.0
1,10,4,-0.0
1,10,5,-0.0
1,10,6,-0.0
1,10,7,-0.0
1,10,8,-0.0
1,10,9,-0.0
1,10,10,9.0
1,10,11,10.0
1,10,12,11.0
1,10,13,12.0
1,10,14,13.0
1,10,15,14.0
1,10,16,15.0
1,10,17,16.0
1,10,18,17.0
1,10,19,18.0
1,10,20,19.0
1,10,21,20.0
1,10,22,21.0
1,10,23,22.0
1,10,24,23.0
1,10,25,24.0
1,10,26,25.0
1,10,27,26.0
1,10,28,27.0
1,10,29,28.0
1,10,30,29.0
1,10,31,30.0
1,10,32,31.0
1,10,33,32.0
1,10,34,33.0
1,10,35,34.0
1,10,36,35.0
1,10,37,36.0
1,10,38,37.0
1,10,39,38.0
1,10,40,39.0
1,10,41,39.0
1,10,42,39.0
1,10,43,39.0
1,10,44,39.0
1,10,45,39.0
1,10,46,39.0
1,10,47,39.0
1,10,48,39.0
1,10,49,39.0
1,10,50,39.0
1,10,51,39.0
1,10,52,39.0
1,10,53,39.0
1,10,54,39.0
1,10,55,39.0
1,10,56,39.0
1,10,57,39.0
1,10,58,39.0
1,10,59,39.0
1,10,60,39.0
1,10,61,39.0
1,10,62,39.0
1,10,63,39.0
1,10,64,39.0
1,10,65,39.0
1,10,66,39.0
1,10,67,39.0
1,10,68,39.0
1,10,69,39.0
1,10,70,39.0
1,10,71,39.0
1,10,72,39.0
1,10,73,39.0
1,10,74,39.0
1,10,75,39.0
1,10,76,-0.0
1,10,77,-0.0
1,10,78,-0.0
1,10,79,-0.0
1,10,80,-0.0
1,10,81,-0.0
1,10,82,-0.0
1,10,83,-0.0
1,10,84,-0.0
1,10,85,-0.0
1,10,86,-0.0
1,10,87,-0.0
1,10,88,-0.0
1,10,89,-0.0
1,10,90,-0.0
1,10,91,-0.0
1,10,92,-0.0
1,10,93,-0.0
1,10,94,-0.0
1,10,95,-0.0
1,10,96,-0.0
1,10,97,-0.0
1,10,98,-0.0
1,10,99,-0.0
1,10,100,-0.0
1,10,101,-0.0
1,11,1,-0.0
1,11,2,-0.0
1,11,3,-0.0
1,11,4,-0.0
1,11,5,-0.0
1,11,6,-0.0
1,11,7,-0.0
1,11,8,-0.0
1,11,9,-0.0
1,11,10,0.0
1,11,11,0.0
1,11,12,0.0
1,11,13,0.0
1,11,14,0.0
1,11,15,0.0
1,11,16,0.0
1,11,17,0.0
1,11,18,0.0
1,11,19,0.0
1,11,20,0.0
1,11,21,0.0
1,11,22,0.0
1,11,23,0.0
1,11,24,0.0
1,11,25,0.0
1,11,26,0.0
1,11,27,0.0
1,11,28,0.0
1,11,29,0.0
1,11,30,0.0
1,11,31,0.0
1,11,32,0.0
1,11,33,0.0
1,11,34,0.0
1,11,35,0.0
1,11,36,0.0
1,11,37,0.0
1,11,38,0.0
1,11,39,0.0
1,11,40,0.0
1,11,41,0.0
1,11,42,0.0
1,11,43,0.0
1,11,44,0.0
1,11,45,0.0
1,11,46,0.0
1,11,47,0.0
1,11,48,0.0
1,11,49,0.0
1,11,50,0.0
1,11,51,0.0
1,11,52,0.0
1,11,53,0.0
1,11,54,0.0
1,11,55,0.0
1,11,56,0.0
1,11,57,0.0
1,11,58,0.0
1,11,59,0.0
1,11,60,0.0
1,11,61,0.0
1,11,62,0.0
1,11,63,0.0
1,11,64,0.0
1,11,65,0.0
1,11,66,0.0
1,11,67,0.0
1,11,68,0.0
1,11,69,0.0
1,11,70,0.0
1,11,71,0.0
1,11,72,0.0
1,11,73,0.0
1,11,74,0.0
1,11,75,-0.0
1,11,76,-0.0
1,11,77,-0.0
1,11,78,-0.0
1,11,79,-0.0
1,11,80,-0.0
1,11,81,-0.0
1,11,82,-0.0
1,11,83,-0.0
1,11,84,-0.0
1,11,85,-0.0
1,11,86,-0.0
1,11,87,-0.0
1,11,88,-0.0
1,11,89,-0.0
1,11,90,-0.0
1,11,91,-0.0
1,11,92,-0.0
1,11,93,-0.0
1,11,94,-0.0
1,11,95,-0.0
1,11,96,-0.0
1,11,97,-0.0
1,11,98,-0.0
1,11,99,-0.0
1,11,100,-0.0
1,11,101,-0.0
1,12,1,-0.0
1,12,2,-0.0
1,12,3,-0.0
1,12,4,-0.0
1,12,5,-0.0
1,12,6,-0.0
1,12,7,-0.0
1,12,8,-0.0
1,12,9,-0.0
1,12,10,9.0
1,12,11,10.0
1,12,12,11.0
1,12,13,12.0
1,12,14,13.0
1,12,15,14.0
1,12,16,15.0
1,12,17,16.0
1,12,18,17.0
1,12,19,18.0
1,12,20,19.0
1,12,21,20.0
1,12,22,21.0
1,12,23,22.0
1,12,24,23.0
1,12,25,24.0
1,12,26,25.0
1,12,27,26.0
1,12,28,27.0
1,12,29,28.0
1,12,30,29.0
1,12,31,30.0
1,12,32,31.0
1,12,33,31.0
1,12,34,31.0
1,12,35,31.0
1,12,36,31.0
1,12,37,31.0
1,12,38,31.0
1,12,39,31.0
1,12,40,31.0
1,12,41,31.0
1,12,42,31.0
1,12,43,31.0
1,12,44,31.0
1,12,45,31.0
1,12,46,31.0
1,12,47,31.0
1,12,48,31.0
1,12,49,31.0
1,12,50,31.0
1,12,51,31.0
1,12,52,31.0
1,12,53,31.0
1,12,54,31.0
1,12,55,31.0
1,12,56,31.0
1,12,57,31.0
1,12,58,31.0
1,12,59,31.0
1,12,60,31.0
1,12,61,31.0
1,12,62,31.0
1,12,63,31.0
1,12,64,31.0
1,12,65,31.0
1,12,66,31.0
1,12,67,31.0
1,12,68,31.0
1,12,69,31.0
1,12,70,31.0
1,12,71,31.0
1,12,72,31.0
1,12,73,31.0
1,12,74,31.0
1,12,75,31.0
1,12,76,-0.0
1,12,77,-0.0
1,12,78,-0.0
1,12,79,-0.0
1,12,80,-0.0
1,12,81,-0.0
1,12,82,-0.0
1,12,83,-0.0
1,12,84,-0.0
1,12,85,-0.0
1,12,86,-0.0
1,12,87,-0.0
1,12,88,-0.0
1,12,89,-0.0
1,12,90,-0.0
1,12,91,-0.0
1,12,92,-0.0
1,12,93,-0.0
1,12,94,-0.0
1,12,95,-0.0
1,12,96,-0.0
1,12,97,-0.0
1,12,98,-0.0
1,12,99,-0.0
1,12,100,-0.0
1,12,101,-0.0
1,13,1,-0.0
1,13,2,-0.0
1,13,3,-0.0
1,13,4,-0.0
1,13,5,-0.0
1,13,6,-0.0
1,13,7,-0.0
1,13,8,-0.0
1,13,9,-0.0
1,13,10,-0.0
1,13,11,-0.0
1,13,12,-0.0
1,13,13,-0.0
1,13,14,-0.0
1,13,15,-0.0
1,13,16,-0.0
1,13,17,-0.0
1,13,18,-0.0
1,13,19,-0.0
1,13,20,-0.0
1,13,21,-0.0
1,13,22,-0.0
1,13,23,-0.0
1,13,24,-0.0
1,13,25,-0.0
1,13,26,-0.0
1,13,27,-0.0
1,13,28,-0.0
1,13,29,-0.0
1,13,30,-0.0
1,13,31,-0.0
1,13,32,-0.0
1,13,33,-0.0
1,13,34,-0.0
1,13,35,-0.0
1,13,36,-0.0
1,13,37,-0.0
1,13,38,-0.0
1,13,39,-0.0
1,13,40,-0.0
1,13,41,-0.0
1,13,42,-0.0
1,13,43,-0.0
1,13,44,-0.0
1,13,45,-0.0
1,13,46,-0.0
1,13,47,-0.0
1,13,48,-0.0
1,13,49,-0.0
1,13,50,49.0
1,13,51,50.0
1,13,52,51.0
1,13,53,52.0
1,13,54,53.0
1,13,55,54.0
1,13,56,55.0
1,13,57,56.0
1,13,58,57.0
1,13,59,58.0
1,13,60,59.0
1,13,61,60.0
1,13,62,61.0
1,13,63,62.0
1,13,64,63.0
1,13,65,64.0
1,13,66,65.0
1,13,67,66.0
1,13,68,67.0
1,13,69,68.0
1,13,70,69.0
1,13,71,70.0
1,13,72,71.0
1,13,73,71.0
1,13,74,71.0
1,13,75,71.0
1,13,76,71.0
1,13,77,71.0
1,13,78,71.0
1,13,79,71.0
1,13,80,71.0
1,13,81,71.0
1,13,82,71.0
1,13,83,71.0
1,13,84,71.0
1,13,85,71.0
1,13,86,71.0
1,13,87,71.0
1,13,88,71.0
1,13,89,71.0
1,13,90,71.0
1,13,91,71.0
1,13,92,71.0
1,13,93,71.0
1,13,94,71.0
1,13,95,71.0
1,13,96,71.0
1,13,97,71.0
1,13,98,71.0
1,13,99,71.0
1,13,100,71.0
1,13,101,71.0
1,14,1,-0.0
1,14,2,-0.0
1,14,3,-0.0
1,14,4,-0.0
1,14,5,-0.0
1,14,6,-0.0
1,14,7,-0.0
1,14,8,-0.0
1,14,9,-0.0
1,14,10,-0.0
1,14,11,-0.0
1,14,12,-0.0
1,14,13,-0.0
1,14,14,-0.0
1,14,15,-0.0
1,14,16,-0.0
1,14,17,-0.0
1,14,18,-0.0
1,14,19,-0.0
1,14,20,-0.0
1,14,21,-0.0
1,14,22,-0.0
1,14,23,-0.0
1,14,24,-0.0
1,14,25,-0.0
1,14,26,-0.0
1,14,27,-0.0
1,14,28,-0.0
1,14,29,-0.0
1,14,30,-0.0
1,14,31,-0.0
1,14,32,-0.0
1,14,33,-0.0
1,14,34,-0.0
1,14,35,-0.0
1,14,36,-0.0
1,14,37,-0.0
1,14,38,-0.0
1,14,39,-0.0
1,14,40,-0.0
1,14,41,-0.0
1,14,42,-0.0
1,14,43,-0.0
1,14,44,-0.0
1,14,45,-0.0
1,14,46,-0.0
1,14,47,-0.0
1,14,48,-0.0
1,14,49,-0.0
1,14,50,21.0
1,14,51,21.0
1,14,52,21.0
1,14,53,21.0
1,14,54,21.0
1,14,55,21.0
1,14,56,21.0
1,14,57,21.0
1,14,58,21.0
1,14,59,21.0
1,14,60,21.0
1,14,61,21.0
1,14,62,21.0
1,14,63,21.0
1,14,64,21.0
1,14,65,21.0
1,14,66,21.0
1,14,67,21.0
1,14,68,21.0
1,14,69,21.0
1,14,70,21.0
1,14,71,21.0
1,14,72,21.0
1,14,73,21.0
1,14,74,21.0
1,14,75,21.0
1,14,76,21.0
1,14,77,21.0
1,14,78,21.0
1,14,79,21.0
1,14,80,21.0
1,14,81,21.0
1,14,82,21.0
1,14,83,21.0
1,14,84,21.0
1,14,85,21.0
1,14,86,21.0
1,14,87,21.0
1,14,88,21.0
1,14,89,21.0
1,14,90,21.0
1,14,91,21.0
1,14,92,21.0
1,14,93,21.0
1,14,94,21.0
1,14,95,21.0
1,14,96,21.0
1,14,97,21.0
1,14,98,21.0
1,14,99,21.0
1,14,100,21.0
1,14,101,21.0
1,15,1,-0.0
1,15,2,-0.0
1,15,3,-0.0
1,15,4,-0.0
1,15,5,-0.0
1,15,6,-0.0
1,15,7,-0.0
1,15,8,-0.0
1,15,9,-0.0
1,15,10,9.0
1,15,11,10.0
1,15,12,11.0
1,15,13,12.0
1,15,14,13.0
1,15,15,14.0
1,15,16,15.0
1,15,17,16.0
1,15,18,17.0
1,15,19,18.0
1,15,20,19.0
1,15,21,20.0
1,15,22,21.0
1,15,23,22.0
1,15,24,23.0
1,15,25,24.0
1,15,26,25.0
1,15,27,26.0
1,15,28,27.0
1,15,29,28.0
1,15,30,29.0
1,15,31,30.0
1,15,32,31.0
1,15,33,31.0
1,15,34,31.0
1,15,35,31.0
1,15,36,31.0
1,15,37,31.0
1,15,38,31.0
1,15,39,31.0
1,15,40,31.0
1,15,41,31.0
1,15,42,31.0
1,15,43,31.0
1,15,44,31.0
1,15,45,31.0
1,15,46,31.0
1,15,47,31.0
1,15,48,31.0
1,15,49,31.0
1,15,50,31.0
1,15,51,31.0
1,15,52,31.0
1,15,53,31.0
1,15,54,31.0
1,15,55,31.0
1,15,56,31.0
1,15,57,31.0
1,15,58,31.0
1,15,59,31.0
1,15,60,31.0
1,15,61,31.0
1,15,62,31.0
1,15,63,31.0
1,15,64,31.0
1,15,65,31.0
1,15,66,31.0
1,15,67,31.0
1,15,68,31.0
1,15,69,31.0
1,15,70,31.0
1,15,71,31.0
1,15,72,31.0
1,15,73,31.0
1,15,74,31.0
1,15,75,31.0
1,15,76,-0.0
1,15,77,-0.0
1,15,78,-0.0
1,15,79,-0.0
1,15,80,-0.0
1,15,81,-0.0
1,15,82,-0.0
1,15,83,-0.0
1,15,84,-0.0
1,15,85,-0.0
1,15,86,-0.0
1,15,87,-0.0
1,15,88,-0.0
1,15,89,-0.0
1,15,90,-0.0
1,15,91,-0.0
1,15,92,-0.0
1,15,93,-0.0
1,15,94,-0.0
1,15,95,-0.0
1,15,96,-0.0
1,15,97,-0.0
1,15,98,-0.0
1,15,99,-0.0
1,15,100,-0.0
1,15,101,-0.0
1,16,1,-0.0
1,16,2,-0.0
1,16,3,-0.0
1,16,4,-0.0
1,16,5,-0.0
1,16,6,-0.0
1,16,7,-0.0
1,16,8,-0.0
1,16,9,-0.0
1,16,10,9.0
1,16,11,10.0
1,16,12,11.0
1,16,13,12.0
1,16,14,13.0
1,16,15,14.0
1,16,16,15.0
1,16,17,16.0
1,16,18,17.0
1,16,19,18.0
1,16,20,19.0
1,16,21,20.0
1,16,22,21.0
1,16,23,22.0
1,16,24,23.0
1,16,25,24.0
1,16,26,25.0
1,16,27,26.0
1,16,28,27.0
1,16,29,28.0
1,16,30,29.0
1,16,31,30.0
1,16,32,31.0
1,16,33,31.0
1,16,34,31.0
1,16,35,31.0
1,16,36,31.0
1,16,37,31.0
1,16,38,31.0
1,16,39,31.0
1,16,40,31.0
1,16,41,31.0
1,16,42,31.0
1,16,43,31.0
1,16,44,31.0
1,16,45,31.0
1,16,46,31.0
1,16,47,31.0
1,16,48,31.0
1,16,49,31.0
1,16,50,31.0
1,16,51,31.0
1,16,52,31.0
1,16,53,31.0
1,16,54,31.0
1,16,55,31.0
1,16,56,31.0
1,16,57,31.0
1,16,58,31.0
1,16,59,31.0
1,16,60,31.0
1,16,61,31.0
1,16,62,31.0
1,16,63,31.0
1,16,64,31.0
1,16,65,31.0
1,16,66,31.0
1,16,67,31.0
1,16,68,31.0
1,16,69,31.0
1,16,70,31.0
1,16,71,31.0
1,16,72,31.0
1,16,73,31.0
1,16,74,31.0
1,16,75,31.0
1,16,76,-0.0
1,16,77,-0.0
1,16,78,-0.0
1,16,79,-0.0
1,16,80,-0.0
1,16,81,-0.0
1,16,82,-0.0
1,16,83,-0.0
1,16,84,-0.0
1,16,85,-0.0
1,16,86,-0.0
1,16,87,-0.0
1,16,88,-0.0
1,16,89,-0.0
1,16,90,-0.0
1,16,91,-0.0
1,16,92,-0.0
1,16,93,-0.0
1,16,94,-0.0
1,16,95,-0.0
1,16,96,-0.0
1,16,97,-0.0
1,16,98,-0.0
1,16,99,-0.0
1,16,100,-0.0
1,16,101,-0.0
1,17,1,-0.0
1,17,2,-0.0
1,17,3,-0.0
1,17,4,-0.0
1,17,5,-0.0
1,17,6,-0.0
1,17,7,-0.0
1,17,8,-0.0
1,17,9,-0.0
1,17,10,0.0
1,17,11,0.0
1,17,12,0.0
1,17,13,0.0
1,17,14,0.0
1,17,15,0.0
1,17,16,0.0
1,17,17,0.0
1,17,18,0.0
1,17,19,0.0
1,17,20,0.0
1,17,21,0.0
1,17,22,0.0
1,17,23,0.0
1,17,24,0.0
1,17,25,0.0
1,17,26,0.0
1,17,27,0.0
1,17,28,0.0
1,17,29,0.0
1,17,30,0.0
1,17,31,0.0
1,17,32,0.0
1,17,33,0.0
1,17,34,0.0
1,17,35,0.0
1,17,36,0.0
1,17,37,0.0
1,17,38,0.0
1,17,39,0.0
1,17,40,0.0
1,17,41,0.0
1,17,42,0.0
1,17,43,0.0
1,17,44,0.0
1,17,45,0.0
1,17,46,0.0
1,17,47,0.0
1,17,48,0.0
1,17,49,0.0
1,17,50,0.0
1,17,51,0.0
1,17,52,0.0
1,17,53,0.0
1,17,54,0.0
1,17,55,0.0
1,17,56,0.0
1,17,57,0.0
1,17,58,0.0
1,17,59,0.0
1,17,60,0.0
1,17,61,0.0
1,17,62,0.0
1,17,63,0.0
1,17,64,0.0
1,17,65,0.0
1,17,66,0.0
1,17,67,0.0
1,17,68,0.0
1,17,69,0.0
1,17,70,0.0
1,17,71,0.0
1,17,72,0.0
1,17,73,0.0
1,17,74,0.0
1,17,75,0.0
1,17,76,-0.0
1,17,77,-0.0
1,17,78,-0.0
1,17,79,-0.0
1,17,80,-0.0
1,17,81,-0.0
1,17,82,-0.0
1,17,83,-0.0
1,17,84,-0.0
1,17,85,-0.0
1,17,86,-0.0
1,17,87,-0.0
1,17,88,-0.0
1,17,89,-0.0
1,17,90,-0.0
1,17,91,-0.0
1,17,92,-0.0
1,17,93,-0.0
1,17,94,-0.0
1,17,95,-0.0
1,17,96,-0.0
1,17,97,-0.0
1,17,98,-0.0
1,17,99,-0.0
1,17,100,-0.0
1,17,101,-0.0
1,18,1,-0.0
1,18,2,-0.0
1,18,3,-0.0
1,18,4,-0.0
1,18,5,-0.0
1,18,6,-0.0
1,18,7,-0.0
1,18,8,-0.0
1,18,9,-0.0
1,18,10,0.0
1,18,11,-0.0
1,18,12,0.0
1,18,13,0.0
1,18,14,0.0
1,18,15,0.0
1,18,16,0.0
1,18,17,0.0
1,18,18,0.0
1,18,19,0.0
1,18,20,0.0
1,18,21,0.0
1,18,22,0.0
1,18,23,0.0
1,18,24,0.0
1,18,25,0.0
1,18,26,0.0
1,18,27,0.0
1,18,28,0.0
1,18,29,0.0
1,18,30,0.0
1,18,31,0.0
1,18,32,0.0
1,18,33,0.0
1,18,34,0.0
1,18,35,0.0
1,18,36,0.0
1,18,37,0.0
1,18,38,0.0
1,18,39,0.0
1,18,40,0.0
1,18,41,0.0
1,18,42,0.0
1,18,43,0.0
1,18,44,0.0
1,18,45,0.0
1,18,46,0.0
1,18,47,0.0
1,18,48,0.0
1,18,49,0.0
1,18,50,0.0
1,18,51,0.0
1,18,52,0.0
1,18,53,0.0
1,18,54,0.0
1,18,55,0.0
1,18,56,0.0
1,18,57,0.0
1,18,58,0.0
1,18,59,0.0
1,18,60,0.0
1,18,61,0.0
1,18,62,0.0
1,18,63,0.0
1,18,64,0.0
1,18,65,0.0
1,18,66,0.0
1,18,67,0.0
1,18,68,0.0
1,18,69,0.0
1,18,70,0.0
1,18,71,0.0
1,18,72,0.0
1,18,73,0.0
1,18,74,0.0
1,18,75,0.0
1,18,76,-0.0
1,18,77,-0.0
1,18,78,-0.0
1,18,79,-0.0
1,18,80,-0.0
1,18,81,-0.0
1,18,82,-0.0
1,18,83,-0.0
1,18,84,-0.0
1,18,85,-0.0
1,18,86,-0.0
1,18,87,-0.0
1,18,88,-0.0
1,18,89,-0.0
1,18,90,-0.0
1,18,91,-0.0
1,18,92,-0.0
1,18,93,-0.0
1,18,94,-0.0
1,18,95,-0.0
1,18,96,-0.0
1,18,97,-0.0
1,18,98,-0.0
1,18,99,-0.0
1,18,100,-0.0
1,18,101,-0.0
1,19,1,-0.0
1,19,2,-0.0
1,19,3,-0.0
1,19,4,-0.0
1,19,5,-0.0
1,19,6,-0.0
1,19,7,-0.0
1,19,8,-0.0
1,19,9,-0.0
1,19,10,9.0
1,19,11,10.0
1,19,12,11.0
1,19,13,12.0
1,19,14,13.0
1,19,15,14.0
1,19,16,15.0
1,19,17,16.0
1,19,18,17.0
1,19,19,18.0
1,19,20,19.0
1,19,21,20.0
1,19,22,21.0
1,19,23,22.0
1,19,24,23.0
1,19,25,24.0
1,19,26,25.0
1,19,27,26.0
1,19,28,27.0
1,19,29,28.0
1,19,30,29.0
1,19,31,30.0
1,19,32,31.0
1,19,33,32.0
1,19,34,33.0
1,19,35,34.0
1,19,36,35.0
1,19,37,36.0
1,19,38,37.0
1,19,39,38.0
1,19,40,39.0
1,19,41,39.0
1,19,42,39.0
1,19,43,39.0
1,19,44,39.0
1,19,45,39.0
1,19,46,39.0
1,19,47,39.0
1,19,48,39.0
1,19,49,39.0
1,19,50,39.0
1,19,51,39.0
1,19,52,39.0
1,19,53,39.0
1,19,54,39.0
1,19,55,39.0
1,19,56,39.0
1,19,57,39.0
1,19,58,39.0
1,19,59,39.0
1,19,60,39.0
1,19,61,39.0
1,19,62,39.0
1,19,63,39.0
1,19,64,39.0
1,19,65,39.0
1,19,66,39.0
1,19,67,39.0
1,19,68,39.0
1,19,69,39.0
1,19,70,39.0
1,19,71,39.0
1,19,72,39.0
1,19,73,39.0
1,19,74,39.0
1,19,75,39.0
1,19,76,-0.0
1,19,77,-0.0
1,19,78,-0.0
1,19,79,-0.0
1,19,80,-0.0
1,19,81,-0.0
1,19,82,-0.0
1,19,83,-0.0
1,19,84,-0.0
1,19,85,-0.0
1,19,86,-0.0
1,19,87,-0.0
1,19,88,-0.0
1,19,89,-0.0
1,19,90,-0.0
1,19,91,-0.0
1,19,92,-0.0
1,19,93,-0.0
1,19,94,-0.0
1,19,95,-0.0
1,19,96,-0.0
1,19,97,-0.0
1,19,98,-0.0
1,19,99,-0.0
1,19,100,-0.0
1,19,101,-0.0
1,2,1,-0.0
1,2,2,-0.0
1,2,3,-0.0
1,2,4,-0.0
1,2,5,-0.0
1,2,6,-0.0
1,2,7,-0.0
1,2,8,-0.0
1,2,9,-0.0
1,2,10,9.0
1,2,11,10.0
1,2,12,11.0
1,2,13,12.0
1,2,14,13.0
1,2,15,14.0
1,2,16,15.0
1,2,17,16.0
1,2,18,17.0
1,2,19,18.0
1,2,20,19.0
1,2,21,20.0
1,2,22,21.0
1,2,23,22.0
1,2,24,23.0
1,2,25,24.0
1,2,26,25.0
1,2,27,26.0
1,2,28,27.0
1,2,29,28.0
1,2,30,29.0
1,2,31,30.0
1,2,32,31.0
1,2,33,32.0
1,2,34,33.0
1,2,35,34.0
1,2,36,35.0
1,2,37,36.0
1,2,38,37.0
1,2,39,37.0
1,2,40,37.0
1,2,41,37.0
1,2,42,37.0
1,2,43,37.0
1,2,44,37.0
1,2,45,37.0
1,2,46,37.0
1,2,47,37.0
1,2,48,37.0
1,2,49,37.0
1,2,50,37.0
1,2,51,37.0
1,2,52,37.0
1,2,53,37.0
1,2,54,37.0
1,2,55,37.0
1,2,56,37.0
1,2,57,37.0
1,2,58,37.0
1,2,59,37.0
1,2,60,37.0
1,2,61,37.0
1,2,62,37.0
1,2,63,37.0
1,2,64,37.0
1,2,65,37.0
1,2,66,37.0
1,2,67,37.0
1,2,68,37.0
1,2,69,37.0
1,2,70,37.0
1,2,71,37.0
1,2,72,37.0
1,2,73,37.0
1,2,74,37.0
1,2,75,37.0
1,2,76,-0.0
1,2,77,-0.0
1,2,78,-0.0
1,2,79,-0.0
1,2,80,-0.0
1,2,81,-0.0
1,2,82,-0.0
1,2,83,-0.0
1,2,84,-0.0
1,2,85,-0.0
1,2,86,-0.0
1,2,87,-0.0
1,2,88,-0.0
1,2,89,-0.0
1,2,90,-0.0
1,2,91,-0.0
1,2,92,-0.0
1,2,93,-0.0
1,2,94,-0.0
1,2,95,-0.0
1,2,96,-0.0
1,2,97,-0.0
1,2,98,-0.0
1,2,99,-0.0
1,2,100,-0.0
1,2,101,-0.0
1,20,1,-0.0
1,20,2,-0.0
1,20,3,-0.0
1,20,4,-0.0
1,20,5,-0.0
1,20,6,-0.0
1,20,7,-0.0
1,20,8,-0.0
1,20,9,-0.0
1,20,10,-0.0
1,20,11,-0.0
1,20,12,-0.0
1,20,13,-0.0
1,20,14,-0.0
1,20,15,-0.0
1,20,16,-0.0
1,20,17,-0.0
1,20,18,-0.0
1,20,19,-0.0
1,20,20,-0.0
1,20,21,-0.0
1,20,22,-0.0
1,20,23,-0.0
1,20,24,-0.0
1,20,25,-0.0
1,20,26,-0.0
1,20,27,-0.0
1,20,28,-0.0
1,20,29,-0.0
1,20,30,-0.0
1,20,31,-0.0
1,20,32,-0.0
1,20,33,-0.0
1,20,34,-0.0
1,20,35,-0.0
1,20,36,-0.0
1,20,37,-0.0
1,20,38,-0.0
1,20,39,-0.0
1,20,40,-0.0
1,20,41,-0.0
1,20,42,-0.0
1,20,43,-0.0
1,20,44,-0.0
1,20,45,-0.0
1,20,46,-0.0
1,20,47,-0.0
1,20,48,-0.0
1,20,49,-0.0
1,20,50,0.0
1,20,51,0.0
1,20,52,0.0
1,20,53,0.0
1,20,54,0.0
1,20,55,0.0
1,20,56,0.0
1,20,57,0.0
1,20,58,0.0
1,20,59,0.0
1,20,60,0.0
1,20,61,0.0
1,20,62,0.0
1,20,63,0.0
1,20,64,0.0
1,20,65,0.0
1,20,66,0.0
1,20,67,0.0
1,20,68,0.0
1,20,69,0.0
1,20,70,0.0
1,20,71,0.0
1,20,72,0.0
1,20,73,0.0
1,20,74,0.0
1,20,75,0.0
1,20,76,0.0
1,20,77,0.0
1,20,78,0.0
1,20,79,0.0
1,20,80,0.0
1,20,81,0.0
1,20,82,0.0
1,20,83,0.0
1,20,84,0.0
1,20,85,0.0
1,20,86,0.0
1,20,87,0.0
1,20,88,0.0
1,20,89,0.0
1,20,90,0.0
1,20,91,0.0
1,20,92,0.0
1,20,93,0.0
1,20,94,0.0
1,20,95,0.0
1,20,96,0.0
1,20,97,0.0
1,20,98,0.0
1,20,99,0.0
1,20,100,0.0
1,20,101,0.0
1,21,1,-0.0
1,21,2,-0.0
1,21,3,-0.0
1,21,4,-0.0
1,21,5,-0.0
1,21,6,-0.0
1,21,7,-0.0
1,21,8,-0.0
1,21,9,-0.0
1,21,10,-0.0
1,21,11,-0.0
1,21,12,-0.0
1,21,13,-0.0
1,21,14,-0.0
1,21,15,-0.0
1,21,16,-0.0
1,21,17,-0.0
1,21,18,-0.0
1,21,19,-0.0
1,21,20,-0.0
1,21,21,-0.0
1,21,22,-0.0
1,21,23,-0.0
1,21,24,-0.0
1,21,25,-0.0
1,21,26,-0.0
1,21,27,-0.0
1,21,28,-0.0
1,21,29,-0.0
1,21,30,-0.0
1,21,31,-0.0
1,21,32,-0.0
1,21,33,-0.0
1,21,34,-0.0
1,21,35,-0.0
1,21,36,-0.0
1,21,37,-0.0
1,21,38,-0.0
1,21,39,-0.0
1,21,40,-0.0
1,21,41,-0.0
1,21,42,-0.0
1,21,43,-0.0
1,21,44,-0.0
1,21,45,-0.0
1,21,46,-0.0
1,21,47,-0.0
1,21,48,-0.0
1,21,49,-0.0
1,21,50,49.0
1,21,51,50.0
1,21,52,51.0
1,21,53,52.0
1,21,54,53.0
1,21,55,54.0
1,21,56,55.0
1,21,57,56.0
1,21,58,57.0
1,21,59,58.0
1,21,60,59.0
1,21,61,59.0
1,21,62,59.0
1,21,63,59.0
1,21,64,59.0
1,21,65,59.0
1,21,66,59.0
1,21,67,59.0
1,21,68,59.0
1,21,69,59.0
1,21,70,59.0
1,21,71,59.0
1,21,72,59.0
1,21,73,59.0
1,21,74,59.0
1,21,75,59.0
1,21,76,59.0
1,21,77,59.0
1,21,78,59.0
1,21,79,59.0
1,21,80,59.0
1,21,81,59.0
1,21,82,59.0
1,21,83,59.0
1,21,84,59.0
1,21,85,59.0
1,21,86,59.0
1,21,87,59.0
1,21,88,59.0
1,21,89,59.0
1,21,90,59.0
1,21,91,59.0
1,21,92,59.0
1,21,93,59.0
1,21,94,59.0
1,21,95,59.0
1,21,96,59.0
1,21,97,59.0
1,21,98,59.0
1,21,99,59.0
1,21,100,59.0
1,21,101,59.0
1,3,1,-0.0
1,3,2,-0.0
1,3,3,-0.0
1,3,4,-0.0
1,3,5,-0.0
1,3,6,-0.0
1,3,7,-0.0
1,3,8,-0.0
1,3,9,-0.0
1,3,10,9.0
1,3,11,10.0
1,3,12,11.0
1,3,13,12.0
1,3,14,13.0
1,3,15,14.0
1,3,16,15.0
1,3,17,16.0
1,3,18,17.0
1,3,19,18.0
1,3,20,19.0
1,3,21,20.0
1,3,22,21.0
1,3,23,22.0
1,3,24,23.0
1,3,25,24.0
1,3,26,25.0
1,3,27,26.0
1,3,28,27.0
1,3,29,28.0
1,3,30,29.0
1,3,31,30.0
1,3,32,31.0
1,3,33,32.0
1,3,34,33.0
1,3,35,34.0
1,3,36,35.0
1,3,37,36.0
1,3,38,37.0
1,3,39,37.0
1,3,40,37.0
1,3,41,37.0
1,3,42,37.0
1,3,43,37.0
1,3,44,37.0
1,3,45,37.0
1,3,46,37.0
1,3,47,37.0
1,3,48,37.0
1,3,49,37.0
1,3,50,37.0
1,3,51,37.0
1,3,52,37.0
1,3,53,37.0
1,3,54,37.0
1,3,55,37.0
1,3,56,37.0
1,3,57,37.0
1,3,58,37.0
1,3,59,37.0
1,3,60,37.0
1,3,61,37.0
1,3,62,37.0
1,3,63,37.0
1,3,64,37.0
1,3,65,37.0
1,3,66,37.0
1,3,67,37.0
1,3,68,37.0
1,3,69,37.0
1,3,70,37.0
1,3,71,37.0
1,3,72,37.0
1,3,73,37.0
1,3,74,37.0
1,3,75,37.0
1,3,76,-0.0
1,3,77,-0.0
1,3,78,-0.0
1,3,79,-0.0
1,3,80,-0.0
1,3,81,-0.0
1,3,82,-0.0
1,3,83,-0.0
1,3,84,-0.0
1,3,85,-0.0
1,3,86,-0.0
1,3,87,-0.0
1,3,88,-0.0
1,3,89,-0.0
1,3,90,-0.0
1,3,91,-0.0
1,3,92,-0.0
1,3,93,-0.0
1,3,94,-0.0
1,3,95,-0.0
1,3,96,-0.0
1,3,97,-0.0
1,3,98,-0.0
1,3,99,-0.0
1,3,100,-0.0
1,3,101,-0.0
1,4,1,-0.0
1,4,2,-0.0
1,4,3,-0.0
1,4,4,-0.0
1,4,5,-0.0
1,4,6,-0.0
1,4,7,-0.0
1,4,8,-0.0
1,4,9,-0.0
1,4,10,0.0
1,4,11,0.0
1,4,12,0.0
1,4,13,0.0
1,4,14,0.0
1,4,15,0.0
1,4,16,0.0
1,4,17,0.0
1,4,18,0.0
1,4,19,0.0
1,4,20,0.0
1,4,21,0.0
1,4,22,0.0
1,4,23,0.0
1,4,24,0.0
1,4,25,0.0
1,4,26,0.0
1,4,27,0.0
1,4,28,0.0
1,4,29,0.0
1,4,30,0.0
1,4,31,0.0
1,4,32,0.0
1,4,33,0.0
1,4,34,0.0
1,4,35,0.0
1,4,36,0.0
1,4,37,0.0
1,4,38,0.0
1,4,39,0.0
1,4,40,0.0
1,4,41,0.0
1,4,42,0.0
1,4,43,0.0
1,4,44,0.0
1,4,45,0.0
1,4,46,0.0
1,4,47,0.0
1,4,48,0.0
1,4,49,0.0
1,4,50,0.0
1,4,51,0.0
1,4,52,0.0
1,4,53,0.0
1,4,54,0.0
1,4,55,0.0
1,4,56,0.0
1,4,57,0.0
1,4,58,0.0
1,4,59,0.0
1,4,60,0.0
1,4,61,0.0
1,4,62,0.0
1,4,63,0.0
1,4,64,0.0
1,4,65,0.0
1,4,66,0.0
1,4,67,0.0
1,4,68,0.0
1,4,69,0.0
1,4,70,0.0
1,4,71,0.0
1,4,72,0.0
1,4,73,0.0
1,4,74,0.0
1,4,75,-0.0
1,4,76,-0.0
1,4,77,-0.0
1,4,78,-0.0
1,4,79,-0.0
1,4,80,-0.0
1,4,81,-0.0
1,4,82,-0.0
1,4,83,-0.0
1,4,84,-0.0
1,4,85,-0.0
1,4,86,-0.0
1,4,87,-0.0
1,4,88,-0.0
1,4,89,-0.0
1,4,90,-0.0
1,4,91,-0.0
1,4,92,-0.0
1,4,93,-0.0
1,4,94,-0.0
1,4,95,-0.0
1,4,96,-0.0
1,4,97,-0.0
1,4,98,-0.0
1,4,99,-0.0
1,4,100,-0.0
1,4,101,-0.0
1,5,1,-0.0
1,5,2,-0.0
1,5,3,-0.0
1,5,4,-0.0
1,5,5,-0.0
1,5,6,-0.0
1,5,7,-0.0
1,5,8,-0.0
1,5,9,-0.0
1,5,10,9.0
1,5,11,10.0
1,5,12,11.0
1,5,13,12.0
1,5,14,13.0
1,5,15,14.0
1,5,16,15.0
1,5,17,16.0
1,5,18,17.0
1,5,19,18.0
1,5,20,19.0
1,5,21,20.0
1,5,22,21.0
1,5,23,22.0
1,5,24,23.0
1,5,25,24.0
1,5,26,24.0
1,5,27,24.0
1,5,28,24.0
1,5,29,24.0
1,5,30,24.0
1,5,31,24.0
1,5,32,24.0
1,5,33,24.0
1,5,34,24.0
1,5,35,24.0
1,5,36,24.0
1,5,37,24.0
1,5,38,24.0
1,5,39,24.0
1,5,40,24.0
1,5,41,24.0
1,5,42,24.0
1,5,43,24.0
1,5,44,24.0
1,5,45,24.0
1,5,46,24.0
1,5,47,24.0
1,5,48,24.0
1,5,49,24.0
1,5,50,24.0
1,5,51,24.0
1,5,52,24.0
1,5,53,24.0
1,5,54,24.0
1,5,55,24.0
1,5,56,24.0
1,5,57,24.0
1,5,58,24.0
1,5,59,24.0
1,5,60,24.0
1,5,61,24.0
1,5,62,24.0
1,5,63,24.0
1,5,64,24.0
1,5,65,24.0
1,5,66,24.0
1,5,67,24.0
1,5,68,24.0
1,5,69,24.0
1,5,70,24.0
1,5,71,24.0
1,5,72,24.0
1,5,73,24.0
1,5,74,24.0
1,5,75,24.0
1,5,76,-0.0
1,5,77,-0.0
1,5,78,-0.0
1,5,79,-0.0
1,5,80,-0.0
1,5,81,-0.0
1,5,82,-0.0
1,5,83,-0.0
1,5,84,-0.0
1,5,85,-0.0
1,5,86,-0.0
1,5,87,-0.0
1,5,88,-0.0
1,5,89,-0.0
1,5,90,-0.0
1,5,91,-0.0
1,5,92,-0.0
1,5,93,-0.0
1,5,94,-0.0
1,5,95,-0.0
1,5,96,-0.0
1,5,97,-0.0
1,5,98,-0.0
1,5,99,-0.0
1,5,100,-0.0
1,5,101,-0.0
1,6,1,-0.0
1,6,2,-0.0
1,6,3,-0.0
1,6,4,-0.0
1,6,5,-0.0
1,6,6,-0.0
1,6,7,-0.0
1,6,8,-0.0
1,6,9,-0.0
1,6,10,-0.0
1,6,11,-0.0
1,6,12,-0.0
1,6,13,-0.0
1,6,14,-0.0
1,6,15,-0.0
1,6,16,-0.0
1,6,17,-0.0
1,6,18,-0.0
1,6,19,-0.0
1,6,20,-0.0
1,6,21,-0.0
1,6,22,-0.0
1,6,23,-0.0
1,6,24,-0.0
1,6,25,-0.0
1,6,26,-0.0
1,6,27,-0.0
1,6,28,-0.0
1,6,29,-0.0
1,6,30,-0.0
1,6,31,-0.0
1,6,32,-0.0
1,6,33,-0.0
1,6,34,-0.0
1,6,35,-0.0
1,6,36,-0.0
1,6,37,-0.0
1,6,38,-0.0
1,6,39,-0.0
1,6,40,-0.0
1,6,41,-0.0
1,6,42,-0.0
1,6,43,-0.0
1,6,44,-0.0
1,6,45,-0.0
1,6,46,-0.0
1,6,47,-0.0
1,6,48,-0.0
1,6,49,-0.0
1,6,50,0.0
1,6,51,0.0
1,6,52,0.0
1,6,53,0.0
1,6,54,0.0
1,6,55,0.0
1,6,56,0.0
1,6,57,0.0
1,6,58,0.0
1,6,59,0.0
1,6,60,0.0
1,6,61,0.0
1,6,62,0.0
1,6,63,0.0
1,6,64,0.0
1,6,65,0.0
1,6,66,0.0
1,6,67,0.0
1,6,68,0.0
1,6,69,0.0
1,6,70,0.0
1,6,71,0.0
1,6,72,0.0
1,6,73,0.0
1,6,74,0.0
1,6,75,0.0
1,6,76,0.0
1,6,77,0.0
1,6,78,0.0
1,6,79,0.0
1,6,80,0.0
1,6,81,0.0
1,6,82,0.0
1,6,83,0.0
1,6,84,0.0
1,6,85,0.0
1,6,86,0.0
1,6,87,0.0
1,6,88,0.0
1,6,89,0.0
1,6,90,0.0
1,6,91,0.0
1,6,92,0.0
1,6,93,0.0
1,6,94,0.0
1,6,95,0.0
1,6,96,0.0
1,6,97,0.0
1,6,98,0.0
1,6,99,0.0
1,6,100,0.0
1,6,101,-0.0
1,7,1,-0.0
1,7,2,-0.0
1,7,3,-0.0
1,7,4,-0.0
1,7,5,-0.0
1,7,6,-0.0
1,7,7,-0.0
1,7,8,-0.0
1,7,9,-0.0
1,7,10,-0.0
1,7,11,-0.0
1,7,12,-0.0
1,7,13,-0.0
1,7,14,-0.0
1,7,15,-0.0
1,7,16,-0.0
1,7,17,-0.0
1,7,18,-0.0
1,7,19,-0.0
1,7,20,-0.0
1,7,21,-0.0
1,7,22,-0.0
1,7,23,-0.0
1,7,24,-0.0
1,7,25,-0.0
1,7,26,-0.0
1,7,27,-0.0
1,7,28,-0.0
1,7,29,-0.0
1,7,30,-0.0
1,7,31,-0.0
1,7,32,-0.0
1,7,33,-0.0
1,7,34,-0.0
1,7,35,-0.0
1,7,36,-0.0
1,7,37,-0.0
1,7,38,-0.0
1,7,39,-0.0
1,7,40,-0.0
1,7,41,-0.0
1,7,42,-0.0
1,7,43,-0.0
1,7,44,-0.0
1,7,45,-0.0
1,7,46,-0.0
1,7,47,-0.0
1,7,48,-0.0
1,7,49,-0.0
1,7,50,0.0
1,7,51,0.0
1,7,52,0.0
1,7,53,0.0
1,7,54,0.0
1,7,55,0.0
1,7,56,0.0
1,7,57,0.0
1,7,58,0.0
1,7,59,0.0
1,7,60,0.0
1,7,61,0.0
1,7,62,0.0
1,7,63,0.0
1,7,64,0.0
1,7,65,0.0
1,7,66,0.0
1,7,67,0.0
1,7,68,0.0
1,7,69,0.0
1,7,70,0.0
1,7,71,0.0
1,7,72,0.0
1,7,73,0.0
1,7,74,0.0
1,7,75,0.0
1,7,76,0.0
1,7,77,0.0
1,7,78,0.0
1,7,79,0.0
1,7,80,0.0
1,7,81,0.0
1,7,82,0.0
1,7,83,0.0
1,7,84,0.0
1,7,85,0.0
1,7,86,0.0
1,7,87,0.0
1,7,88,0.0
1,7,89,0.0
1,7,90,0.0
1,7,91,0.0
1,7,92,0.0
1,7,93,0.0
1,7,94,0.0
1,7,95,0.0
1,7,96,0.0
1,7,97,0.0
1,7,98,0.0
1,7,99,0.0
1,7,100,0.0
1,7,101,0.0
1,8,1,-0.0
1,8,2,-0.0
1,8,3,-0.0
1,8,4,-0.0
1,8,5,-0.0
1,8,6,-0.0
1,8,7,-0.0
1,8,8,-0.0
1,8,9,-0.0
1,8,10,0.0
1,8,11,0.0
1,8,12,0.0
1,8,13,0.0
1,8,14,0.0
1,8,15,-0.0
1,8,16,0.0
1,8,17,0.0
1,8,18,0.0
1,8,19,0.0
1,8,20,0.0
1,8,21,0.0
1,8,22,0.0
1,8,23,0.0
1,8,24,0.0
1,8,25,0.0
1,8,26,0.0
1,8,27,0.0
1,8,28,0.0
1,8,29,0.0
1,8,30,0.0
1,8,31,0.0
1,8,32,0.0
1,8,33,0.0
1,8,34,0.0
1,8,35,0.0
1,8,36,0.0
1,8,37,0.0
1,8,38,0.0
1,8,39,0.0
1,8,40,0.0
1,8,41,0.0
1,8,42,0.0
1,8,43,0.0
1,8,44,0.0
1,8,45,0.0
1,8,46,0.0
1,8,47,0.0
1,8,48,0.0
1,8,49,0.0
1,8,50,0.0
1,8,51,0.0
1,8,52,0.0
1,8,53,0.0
1,8,54,0.0
1,8,55,0.0
1,8,56,0.0
1,8,57,0.0
1,8,58,0.0
1,8,59,0.0
1,8,60,0.0
1,8,61,0.0
1,8,62,0.0
1,8,63,0.0
1,8,64,0.0
1,8,65,0.0
1,8,66,0.0
1,8,67,0.0
1,8,68,0.0
1,8,69,0.0
1,8,70,0.0
1,8,71,0.0
1,8,72,0.0
1,8,73,0.0
1,8,74,0.0
1,8,75,0.0
1,8,76,-0.0
1,8,77,-0.0
1,8,78,-0.0
1,8,79,-0.0
1,8,80,-0.0
1,8,81,-0.0
1,8,82,-0.0
1,8,83,-0.0
1,8,84,-0.0
1,8,85,-0.0
1,8,86,-0.0
1,8,87,-0.0
1,8,88,-0.0
1,8,89,-0.0
1,8,90,-0.0
1,8,91,-0.0
1,8,92,-0.0
1,8,93,-0.0
1,8,94,-0.0
1,8,95,-0.0
1,8,96,-0.0
1,8,97,-0.0
1,8,98,-0.0
1,8,99,-0.0
1,8,100,-0.0
1,8,101,-0.0
1,9,1,-0.0
1,9,2,-0.0
1,9,3,-0.0
1,9,4,-0.0
1,9,5,-0.0
1,9,6,-0.0
1,9,7,-0.0
1,9,8,-0.0
1,9,9,-0.0
1,9,10,9.0
1,9,11,10.0
1,9,12,11.0
1,9,13,12.0
1,9,14,13.0
1,9,15,13.0
1,9,16,13.0
1,9,17,13.0
1,9,18,13.0
1,9,19,13.0
1,9,20,13.0
1,9,21,13.0
1,9,22,13.0
1,9,23,13.0
1,9,24,13.0
1,9,25,13.0
1,9,26,13.0
1,9,27,13.0
1,9,28,13.0
1,9,29,13.0
1,9,30,13.0
1,9,31,13.0
1,9,32,13.0
1,9,33,13.0
1,9,34,13.0
1,9,35,13.0
1,9,36,13.0
1,9,37,13.0
1,9,38,13.0
1,9,39,13.0
1,9,40,13.0
1,9,41,13.0
1,9,42,13.0
1,9,43,13.0
1,9,44,13.0
1,9,45,13.0
1,9,46,13.0
1,9,47,13.0
1,9,48,13.0
1,9,49,13.0
1,9,50,13.0
1,9,51,13.0
1,9,52,13.0
1,9,53,13.0
1,9,54,13.0
1,9,55,13.0
1,9,56,13.0
1,9,57,13.0
1,9,58,13.0
1,9,59,13.0
1,9,60,13.0
1,9,61,13.0
1,9,62,13.0
1,9,63,13.0
1,9,64,13.0
1,9,65,13.0
1,9,66,13.0
1,9,67,13.0
1,9,68,13.0
1,9,69,13.0
1,9,70,13.0
1,9,71,13.0
1,9,72,13.0
1,9,73,13.0
1,9,74,13.0
1,9,75,13.0
1,9,76,-0.0
1,9,77,-0.0
1,9,78,-0.0
1,9,79,-0.0
1,9,80,-0.0
1,9,81,-0.0
1,9,82,-0.0
1,9,83,-0.0
1,9,84,-0.0
1,9,85,-0.0
1,9,86,-0.0
1,9,87,-0.0
1,9,88,-0.0
1,9,89,-0.0
1,9,90,-0.0
1,9,91,-0.0
1,9,92,-0.0
1,9,93,-0.0
1,9,94,-0.0
1,9,95,-0.0
1,9,96,-0.0
1,9,97,-0.0
1,9,98,-0.0
1,9,99,-0.0
1,9,100,-0.0
1,9,101,-0.0
2,1,1,-0.0
2,1,2,0.0
2,1,3,-0.0
2,1,4,-0.0
2,1,5,4.0
2,1,6,5.0
2,1,7,6.0
2,1,8,7.0
2,1,9,8.0
2,1,10,9.0
2,1,11,10.0
2,1,12,11.0
2,1,13,12.0
2,1,14,13.0
2,1,15,14.0
2,1,16,15.0
2,1,17,16.0
2,1,18,17.0
2,1,19,18.0
2,1,20,19.0
2,1,21,20.0
2,1,22,21.0
2,1,23,22.0
2,1,24,23.0
2,1,25,24.0
2,1,26,25.0
2,1,27,26.0
2,1,28,27.0
2,1,29,28.0
2,1,30,29.0
2,1,31,30.0
2,1,32,31.0
2,1,33,32.0
2,1,34,33.0
2,1,35,34.0
2,1,36,35.0
2,1,37,36.0
2,1,38,37.0
2,1,39,38.0
2,1,40,39.0
2,1,41,40.0
2,1,42,41.0
2,1,43,42.0
2,1,44,43.0
2,1,45,44.0
2,1,46,45.0
2,1,47,46.0
2,1,48,47.0
2,1,49,48.0
2,1,50,48.0
2,1,51,48.0
2,1,52,48.0
2,1,53,48.0
2,1,54,48.0
2,1,55,48.0
2,1,56,-0.0
2,1,57,-0.0
2,1,58,-0.0
2,1,59,-0.0
2,1,60,-0.0
2,1,61,-0.0
2,1,62,-0.0
2,1,63,-0.0
2,1,64,-0.0
2,1,65,-0.0
2,1,66,-0.0
2,1,67,-0.0
2,1,68,-0.0
2,1,69,-0.0
2,1,70,-0.0
2,1,71,-0.0
2,1,72,-0.0
2,1,73,-0.0
2,1,74,-0.0
2,1,75,-0.0
2,1,76,-0.0
2,1,77,-0.0
2,1,78,-0.0
2,1,79,-0.0
2,1,80,-0.0
2,1,81,-0.0
2,10,1,-0.0
2,10,2,1.0
2,10,3,2.0
2,10,4,3.0
2,10,5,4.0
2,10,6,5.0
2,10,7,6.0
2,10,8,7.0
2,10,9,8.0
2,10,10,9.0
2,10,11,10.0
2,10,12,11.0
2,10,13,12.0
2,10,14,13.0
2,10,15,14.0
2,10,16,15.0
2,10,17,16.0
2,10,18,17.0
2,10,19,18.0
2,10,20,19.0
2,10,21,20.0
2,10,22,21.0
2,10,23,22.0
2,10,24,23.0
2,10,25,23.0
2,10,26,23.0
2,10,27,23.0
2,10,28,23.0
2,10,29,23.0
2,10,30,23.0
2,10,31,23.0
2,10,32,23.0
2,10,33,23.0
2,10,34,23.0
2,10,35,23.0
2,10,36,23.0
2,10,37,23.0
2,10,38,23.0
2,10,39,23.0
2,10,40,23.0
2,10,41,23.0
2,10,42,23.0
2,10,43,23.0
2,10,44,23.0
2,10,45,23.0
2,10,46,23.0
2,10,47,23.0
2,10,48,23.0
2,10,49,23.0
2,10,50,23.0
2,10,51,23.0
2,10,52,23.0
2,10,53,23.0
2,10,54,23.0
2,10,55,23.0
2,10,56,-0.0
2,10,57,-0.0
2,10,58,-0.0
2,10,59,-0.0
2,10,60,-0.0
2,10,61,-0.0
2,10,62,-0.0
2,10,63,-0.0
2,10,64,-0.0
2,10,65,-0.0
2,10,66,-0.0
2,10,67,-0.0
2,10,68,-0.0
2,10,69,-0.0
2,10,70,-0.0
2,10,71,-0.0
2,10,72,-0.0
2,10,73,-0.0
2,10,74,-0.0
2,10,75,-0.0
2,10,76,-0.0
2,10,77,-0.0
2,10,78,-0.0
2,10,79,-0.0
2,10,80,-0.0
2,10,81,-0.0
2,11,1,-0.0
2,11,2,0.0
2,11,3,0.0
2,11,4,0.0
2,11,5,0.0
2,11,6,0.0
2,11,7,0.0
2,11,8,0.0
2,11,9,0.0
2,11,10,0.0
2,11,11,0.0
2,11,12,0.0
2,11,13,0.0
2,11,14,0.0
2,11,15,0.0
2,11,16,0.0
2,11,17,0.0
2,11,18,0.0
2,11,19,0.0
2,11,20,0.0
2,11,21,0.0
2,11,22,0.0
2,11,23,0.0
2,11,24,0.0
2,11,25,0.0
2,11,26,0.0
2,11,27,0.0
2,11,28,0.0
2,11,29,0.0
2,11,30,0.0
2,11,31,0.0
2,11,32,0.0
2,11,33,0.0
2,11,34,0.0
2,11,35,0.0
2,11,36,0.0
2,11,37,0.0
2,11,38,0.0
2,11,39,0.0
2,11,40,0.0
2,11,41,0.0
2,11,42,0.0
2,11,43,0.0
2,11,44,0.0
2,11,45,0.0
2,11,46,0.0
2,11,47,0.0
2,11,48,0.0
2,11,49,0.0
2,11,50,0.0
2,11,51,0.0
2,11,52,0.0
2,11,53,0.0
2,11,54,0.0
2,11,55,-0.0
2,11,56,-0.0
2,11,57,-0.0
2,11,58,-0.0
2,11,59,-0.0
2,11,60,-0.0
2,11,61,-0.0
2,11,62,-0.0
2,11,63,-0.0
2,11,64,-0.0
2,11,65,-0.0
2,11,66,-0.0
2,11,67,-0.0
2,11,68,-0.0
2,11,69,-0.0
2,11,70,-0.0
2,11,71,-0.0
2,11,72,-0.0
2,11,73,-0.0
2,11,74,-0.0
2,11,75,-0.0
2,11,76,-0.0
2,11,77,-0.0
2,11,78,-0.0
2,11,79,-0.0
2,11,80,-0.0
2,11,81,-0.0
2,12,1,-0.0
2,12,2,1.0
2,12,3,2.0
2,12,4,3.0
2,12,5,4.0
2,12,6,5.0
2,12,7,6.0
2,12,8,7.0
2,12,9,8.0
2,12,10,9.0
2,12,11,10.0
2,12,12,11.0
2,12,13,12.0
2,12,14,13.0
2,12,15,14.0
2,12,16,15.0
2,12,17,16.0
2,12,18,17.0
2,12,19,18.0
2,12,20,18.0
2,12,21,18.0
2,12,22,18.0
2,12,23,18.0
2,12,24,18.0
2,12,25,18.0
2,12,26,18.0
2,12,27,18.0
2,12,28,18.0
2,12,29,18.0
2,12,30,18.0
2,12,31,18.0
2,12,32,18.0
2,12,33,18.0
2,12,34,18.0
2,12,35,18.0
2,12,36,18.0
2,12,37,18.0
2,12,38,18.0
2,12,39,18.0
2,12,40,18.0
2,12,41,18.0
2,12,42,18.0
2,12,43,18.0
2,12,44,18.0
2,12,45,18.0
2,12,46,18.0
2,12,47,18.0
2,12,48,18.0
2,12,49,18.0
2,12,50,18.0
2,12,51,18.0
2,12,52,18.0
2,12,53,18.0
2,12,54,18.0
2,12,55,18.0
2,12,56,-0.0
2,12,57,-0.0
2,12,58,-0.0
2,12,59,-0.0
2,12,60,-0.0
2,12,61,-0.0
2,12,62,-0.0
2,12,63,-0.0
2,12,64,-0.0
2,12,65,-0.0
2,12,66,-0.0
2,12,67,-0.0
2,12,68,-0.0
2,12,69,-0.0
2,12,70,-0.0
2,12,71,-0.0
2,12,72,-0.0
2,12,73,-0.0
2,12,74,-0.0
2,12,75,-0.0
2,12,76,-0.0
2,12,77,-0.0
2,12,78,-0.0
2,12,79,-0.0
2,12,80,-0.0
2,12,81,-0.0
2,13,1,-0.0
2,13,2,-0.0
2,13,3,-0.0
2,13,4,-0.0
2,13,5,-0.0
2,13,6,-0.0
2,13,7,-0.0
2,13,8,-0.0
2,13,9,-0.0
2,13,10,-0.0
2,13,11,-0.0
2,13,12,-0.0
2,13,13,-0.0
2,13,14,-0.0
2,13,15,-0.0
2,13,16,-0.0
2,13,17,-0.0
2,13,18,17.0
2,13,19,18.0
2,13,20,19.0
2,13,21,20.0
2,13,22,21.0
2,13,23,22.0
2,13,24,23.0
2,13,25,24.0
2,13,26,25.0
2,13,27,26.0
2,13,28,27.0
2,13,29,28.0
2,13,30,29.0
2,13,31,30.0
2,13,32,31.0
2,13,33,32.0
2,13,34,33.0
2,13,35,34.0
2,13,36,35.0
2,13,37,36.0
2,13,38,37.0
2,13,39,38.0
2,13,40,39.0
2,13,41,40.0
2,13,42,41.0
2,13,43,42.0
2,13,44,42.0
2,13,45,42.0
2,13,46,42.0
2,13,47,42.0
2,13,48,42.0
2,13,49,42.0
2,13,50,42.0
2,13,51,42.0
2,13,52,42.0
2,13,53,42.0
2,13,54,42.0
2,13,55,42.0
2,13,56,42.0
2,13,57,42.0
2,13,58,42.0
2,13,59,42.0
2,13,60,42.0
2,13,61,42.0
2,13,62,42.0
2,13,63,42.0
2,13,64,42.0
2,13,65,42.0
2,13,66,42.0
2,13,67,42.0
2,13,68,42.0
2,13,69,42.0
2,13,70,42.0
2,13,71,42.0
2,13,72,42.0
2,13,73,42.0
2,13,74,42.0
2,13,75,42.0
2,13,76,42.0
2,13,77,-0.0
2,13,78,-0.0
2,13,79,-0.0
2,13,80,-0.0
2,13,81,-0.0
2,14,1,-0.0
2,14,2,-0.0
2,14,3,-0.0
2,14,4,-0.0
2,14,5,-0.0
2,14,6,-0.0
2,14,7,-0.0
2,14,8,-0.0
2,14,9,-0.0
2,14,10,-0.0
2,14,11,-0.0
2,14,12,-0.0
2,14,13,-0.0
2,14,14,-0.0
2,14,15,-0.0
2,14,16,-0.0
2,14,17,-0.0
2,14,18,17.0
2,14,19,18.0
2,14,20,19.0
2,14,21,20.0
2,14,22,21.0
2,14,23,22.0
2,14,24,23.0
2,14,25,24.0
2,14,26,25.0
2,14,27,26.0
2,14,28,27.0
2,14,29,28.0
2,14,30,29.0
2,14,31,30.0
2,14,32,31.0
2,14,33,32.0
2,14,34,33.0
2,14,35,34.0
2,14,36,35.0
2,14,37,36.0
2,14,38,37.0
2,14,39,38.0
2,14,40,39.0
2,14,41,40.0
2,14,42,41.0
2,14,43,41.0
2,14,44,41.0
2,14,45,41.0
2,14,46,41.0
2,14,47,41.0
2,14,48,41.0
2,14,49,41.0
2,14,50,41.0
2,14,51,41.0
2,14,52,41.0
2,14,53,41.0
2,14,54,41.0
2,14,55,41.0
2,14,56,41.0
2,14,57,41.0
2,14,58,41.0
2,14,59,41.0
2,14,60,41.0
2,14,61,41.0
2,14,62,41.0
2,14,63,41.0
2,14,64,41.0
2,14,65,41.0
2,14,66,41.0
2,14,67,41.0
2,14,68,41.0
2,14,69,41.0
2,14,70,41.0
2,14,71,41.0
2,14,72,41.0
2,14,73,41.0
2,14,74,41.0
2,14,75,41.0
2,14,76,41.0
2,14,77,-0.0
2,14,78,-0.0
2,14,79,-0.0
2,14,80,-0.0
2,14,81,-0.0
2,15,1,-0.0
2,15,2,1.0
2,15,3,2.0
2,15,4,3.0
2,15,5,4.0
2,15,6,5.0
2,15,7,6.0
2,15,8,7.0
2,15,9,8.0
2,15,10,9.0
2,15,11,10.0
2,15,12,11.0
2,15,13,12.0
2,15,14,13.0
2,15,15,14.0
2,15,16,15.0
2,15,17,16.0
2,15,18,17.0
2,15,19,18.0
2,15,20,18.0
2,15,21,18.0
2,15,22,18.0
2,15,23,18.0
2,15,24,18.0
2,15,25,18.0
2,15,26,18.0
2,15,27,18.0
2,15,28,18.0
2,15,29,18.0
2,15,30,18.0
2,15,31,18.0
2,15,32,18.0
2,15,33,18.0
2,15,34,18.0
2,15,35,18.0
2,15,36,18.0
2,15,37,18.0
2,15,38,18.0
2,15,39,18.0
2,15,40,18.0
2,15,41,18.0
2,15,42,18.0
2,15,43,18.0
2,15,44,18.0
2,15,45,18.0
2,15,46,18.0
2,15,47,18.0
2,15,48,18.0
2,15,49,18.0
2,15,50,18.0
2,15,51,18.0
2,15,52,18.0
2,15,53,18.0
2,15,54,18.0
2,15,55,18.0
2,15,56,-0.0
2,15,57,-0.0
2,15,58,-0.0
2,15,59,-0.0
2,15,60,-0.0
2,15,61,-0.0
2,15,62,-0.0
2,15,63,-0.0
2,15,64,-0.0
2,15,65,-0.0
2,15,66,-0.0
2,15,67,-0.0
2,15,68,-0.0
2,15,69,-0.0
2,15,70,-0.0
2,15,71,-0.0
2,15,72,-0.0
2,15,73,-0.0
2,15,74,-0.0
2,15,75,-0.0
2,15,76,-0.0
2,15,77,-0.0
2,15,78,-0.0
2,15,79,-0.0
2,15,80,-0.0
2,15,81,-0.0
2,16,1,-0.0
2,16,2,1.0
2,16,3,2.0
2,16,4,3.0
2,16,5,4.0
2,16,6,5.0
2,16,7,6.0
2,16,8,7.0
2,16,9,8.0
2,16,10,9.0
2,16,11,10.0
2,16,12,11.0
2,16,13,12.0
2,16,14,13.0
2,16,15,14.0
2,16,16,15.0
2,16,17,16.0
2,16,18,17.0
2,16,19,18.0
2,16,20,18.0
2,16,21,18.0
2,16,22,18.0
2,16,23,18.0
2,16,24,18.0
2,16,25,18.0
2,16,26,18.0
2,16,27,18.0
2,16,28,18.0
2,16,29,18.0
2,16,30,18.0
2,16,31,18.0
2,16,32,18.0
2,16,33,18.0
2,16,34,18.0
2,16,35,18.0
2,16,36,18.0
2,16,37,18.0
2,16,38,18.0
2,16,39,18.0
2,16,40,18.0
2,16,41,18.0
2,16,42,18.0
2,16,43,18.0
2,16,44,18.0
2,16,45,18.0
2,16,46,18.0
2,16,47,18.0
2,16,48,18.0
2,16,49,18.0
2,16,50,18.0
2,16,51,18.0
2,16,52,18.0
2,16,53,18.0
2,16,54,18.0
2,16,55,18.0
2,16,56,-0.0
2,16,57,-0.0
2,16,58,-0.0
2,16,59,-0.0
2,16,60,-0.0
2,16,61,-0.0
2,16,62,-0.0
2,16,63,-0.0
2,16,64,-0.0
2,16,65,-0.0
2,16,66,-0.0
2,16,67,-0.0
2,16,68,-0.0
2,16,69,-0.0
2,16,70,-0.0
2,16,71,-0.0
2,16,72,-0.0
2,16,73,-0.0
2,16,74,-0.0
2,16,75,-0.0
2,16,76,-0.0
2,16,77,-0.0
2,16,78,-0.0
2,16,79,-0.0
2,16,80,-0.0
2,16,81,-0.0
2,17,1,-0.0
2,17,2,1.0
2,17,3,2.0
2,17,4,3.0
2,17,5,4.0
2,17,6,5.0
2,17,7,5.0
2,17,8,5.0
2,17,9,5.0
2,17,10,5.0
2,17,11,5.0
2,17,12,5.0
2,17,13,5.0
2,17,14,5.0
2,17,15,5.0
2,17,16,5.0
2,17,17,5.0
2,17,18,5.0
2,17,19,5.0
2,17,20,5.0
2,17,21,5.0
2,17,22,5.0
2,17,23,5.0
2,17,24,5.0
2,17,25,5.0
2,17,26,5.0
2,17,27,5.0
2,17,28,5.0
2,17,29,5.0
2,17,30,5.0
2,17,31,5.0
2,17,32,5.0
2,17,33,5.0
2,17,34,5.0
2,17,35,5.0
2,17,36,5.0
2,17,37,5.0
2,17,38,5.0
2,17,39,5.0
2,17,40,5.0
2,17,41,5.0
2,17,42,5.0
2,17,43,5.0
2,17,44,5.0
2,17,45,5.0
2,17,46,5.0
2,17,47,5.0
2,17,48,5.0
2,17,49,5.0
2,17,50,5.0
2,17,51,5.0
2,17,52,5.0
2,17,53,5.0
2,17,54,5.0
2,17,55,5.0
2,17,56,-0.0
2,17,57,-0.0
2,17,58,-0.0
2,17,59,-0.0
2,17,60,-0.0
2,17,61,-0.0
2,17,62,-0.0
2,17,63,-0.0
2,17,64,-0.0
2,17,65,-0.0
2,17,66,-0.0
2,17,67,-0.0
2,17,68,-0.0
2,17,69,-0.0
2,17,70,-0.0
2,17,71,-0.0
2,17,72,-0.0
2,17,73,-0.0
2,17,74,-0.0
2,17,75,-0.0
2,17,76,-0.0
2,17,77,-0.0
2,17,78,-0.0
2,17,79,-0.0
2,17,80,-0.0
2,17,81,-0.0
2,18,1,-0.0
2,18,2,1.0
2,18,3,2.0
2,18,4,3.0
2,18,5,4.0
2,18,6,5.0
2,18,7,5.0
2,18,8,5.0
2,18,9,5.0
2,18,10,5.0
2,18,11,5.0
2,18,12,5.0
2,18,13,5.0
2,18,14,5.0
2,18,15,5.0
2,18,16,5.0
2,18,17,5.0
2,18,18,5.0
2,18,19,5.0
2,18,20,5.0
2,18,21,5.0
2,18,22,5.0
2,18,23,5.0
2,18,24,5.0
2,18,25,5.0
2,18,26,5.0
2,18,27,5.0
2,18,28,5.0
2,18,29,5.0
2,18,30,5.0
2,18,31,5.0
2,18,32,5.0
2,18,33,5.0
2,18,34,5.0
2,18,35,5.0
2,18,36,5.0
2,18,37,5.0
2,18,38,5.0
2,18,39,5.0
2,18,40,5.0
2,18,41,5.0
2,18,42,5.0
2,18,43,5.0
2,18,44,5.0
2,18,45,5.0
2,18,46,5.0
2,18,47,5.0
2,18,48,5.0
2,18,49,5.0
2,18,50,5.0
2,18,51,5.0
2,18,52,5.0
2,18,53,5.0
2,18,54,5.0
2,18,55,5.0
2,18,56,-0.0
2,18,57,-0.0
2,18,58,-0.0
2,18,59,-0.0
2,18,60,-0.0
2,18,61,-0.0
2,18,62,-0.0
2,18,63,-0.0
2,18,64,-0.0
2,18,65,-0.0
2,18,66,-0.0
2,18,67,-0.0
2,18,68,-0.0
2,18,69,-0.0
2,18,70,-0.0
2,18,71,-0.0
2,18,72,-0.0
2,18,73,-0.0
2,18,74,-0.0
2,18,75,-0.0
2,18,76,-0.0
2,18,77,-0.0
2,18,78,-0.0
2,18,79,-0.0
2,18,80,-0.0
2,18,81,-0.0
2,19,1,-0.0
2,19,2,1.0
2,19,3,2.0
2,19,4,3.0
2,19,5,4.0
2,19,6,5.0
2,19,7,6.0
2,19,8,7.0
2,19,9,8.0
2,19,10,9.0
2,19,11,10.0
2,19,12,11.0
2,19,13,12.0
2,19,14,13.0
2,19,15,14.0
2,19,16,15.0
2,19,17,16.0
2,19,18,17.0
2,19,19,18.0
2,19,20,19.0
2,19,21,20.0
2,19,22,21.0
2,19,23,22.0
2,19,24,23.0
2,19,25,23.0
2,19,26,23.0
2,19,27,23.0
2,19,28,23.0
2,19,29,23.0
2,19,30,23.0
2,19,31,23.0
2,19,32,23.0
2,19,33,23.0
2,19,34,23.0
2,19,35,23.0
2,19,36,23.0
2,19,37,23.0
2,19,38,23.0
2,19,39,23.0
2,19,40,23.0
2,19,41,23.0
2,19,42,23.0
2,19,43,23.0
2,19,44,23.0
2,19,45,23.0
2,19,46,23.0
2,19,47,23.0
2,19,48,23.0
2,19,49,23.0
2,19,50,23.0
2,19,51,23.0
2,19,52,23.0
2,19,53,23.0
2,19,54,23.0
2,19,55,23.0
2,19,56,-0.0
2,19,57,-0.0
2,19,58,-0.0
2,19,59,-0.0
2,19,60,-0.0
2,19,61,-0.0
2,19,62,-0.0
2,19,63,-0.0
2,19,64,-0.0
2,19,65,-0.0
2,19,66,-0.0
2,19,67,-0.0
2,19,68,-0.0
2,19,69,-0.0
2,19,70,-0.0
2,19,71,-0.0
2,19,72,-0.0
2,19,73,-0.0
2,19,74,-0.0
2,19,75,-0.0
2,19,76,-0.0
2,19,77,-0.0
2,19,78,-0.0
2,19,79,-0.0
2,19,80,-0.0
2,19,81,-0.0
2,2,1,-0.0
2,2,2,1.0
2,2,3,2.0
2,2,4,3.0
2,2,5,4.0
2,2,6,5.0
2,2,7,6.0
2,2,8,7.0
2,2,9,8.0
2,2,10,9.0
2,2,11,10.0
2,2,12,11.0
2,2,13,12.0
2,2,14,13.0
2,2,15,14.0
2,2,16,15.0
2,2,17,16.0
2,2,18,17.0
2,2,19,18.0
2,2,20,19.0
2,2,21,20.0
2,2,22,21.0
2,2,23,21.0
2,2,24,21.0
2,2,25,21.0
2,2,26,21.0
2,2,27,21.0
2,2,28,21.0
2,2,29,21.0
2,2,30,21.0
2,2,31,21.0
2,2,32,21.0
2,2,33,21.0
2,2,34,21.0
2,2,35,21.0
2,2,36,21.0
2,2,37,21.0
2,2,38,21.0
2,2,39,21.0
2,2,40,21.0
2,2,41,21.0
2,2,42,21.0
2,2,43,21.0
2,2,44,21.0
2,2,45,21.0
2,2,46,21.0
2,2,47,21.0
2,2,48,21.0
2,2,49,21.0
2,2,50,21.0
2,2,51,21.0
2,2,52,21.0
2,2,53,21.0
2,2,54,21.0
2,2,55,21.0
2,2,56,-0.0
2,2,57,-0.0
2,2,58,-0.0
2,2,59,-0.0
2,2,60,-0.0
2,2,61,-0.0
2,2,62,-0.0
2,2,63,-0.0
2,2,64,-0.0
2,2,65,-0.0
2,2,66,-0.0
2,2,67,-0.0
2,2,68,-0.0
2,2,69,-0.0
2,2,70,-0.0
2,2,71,-0.0
2,2,72,-0.0
2,2,73,-0.0
2,2,74,-0.0
2,2,75,-0.0
2,2,76,-0.0
2,2,77,-0.0
2,2,78,-0.0
2,2,79,-0.0
2,2,80,-0.0
2,2,81,-0.0
2,20,1,-0.0
2,20,2,-0.0
2,20,3,-0.0
2,20,4,-0.0
2,20,5,-0.0
2,20,6,-0.0
2,20,7,-0.0
2,20,8,-0.0
2,20,9,-0.0
2,20,10,-0.0
2,20,11,-0.0
2,20,12,-0.0
2,20,13,-0.0
2,20,14,-0.0
2,20,15,-0.0
2,20,16,-0.0
2,20,17,-0.0
2,20,18,0.0
2,20,19,0.0
2,20,20,0.0
2,20,21,0.0
2,20,22,0.0
2,20,23,0.0
2,20,24,0.0
2,20,25,0.0
2,20,26,0.0
2,20,27,0.0
2,20,28,0.0
2,20,29,0.0
2,20,30,0.0
2,20,31,0.0
2,20,32,0.0
2,20,33,0.0
2,20,34,0.0
2,20,35,0.0
2,20,36,0.0
2,20,37,0.0
2,20,38,0.0
2,20,39,0.0
2,20,40,0.0
2,20,41,0.0
2,20,42,0.0
2,20,43,0.0
2,20,44,0.0
2,20,45,0.0
2,20,46,0.0
2,20,47,0.0
2,20,48,0.0
2,20,49,0.0
2,20,50,0.0
2,20,51,0.0
2,20,52,0.0
2,20,53,0.0
2,20,54,0.0
2,20,55,0.0
2,20,56,0.0
2,20,57,0.0
2,20,58,0.0
2,20,59,0.0
2,20,60,0.0
2,20,61,0.0
2,20,62,0.0
2,20,63,0.0
2,20,64,0.0
2,20,65,0.0
2,20,66,0.0
2,20,67,0.0
2,20,68,0.0
2,20,69,0.0
2,20,70,0.0
2,20,71,0.0
2,20,72,0.0
2,20,73,0.0
2,20,74,0.0
2,20,75,0.0
2,20,76,-0.0
2,20,77,-0.0
2,20,78,-0.0
2,20,79,-0.0
2,20,80,-0.0
2,20,81,-0.0
2,21,1,-0.0
2,21,2,-0.0
2,21,3,-0.0
2,21,4,-0.0
2,21,5,-0.0
2,21,6,-0.0
2,21,7,-0.0
2,21,8,-0.0
2,21,9,-0.0
2,21,10,-0.0
2,21,11,-0.0
2,21,12,-0.0
2,21,13,-0.0
2,21,14,-0.0
2,21,15,-0.0
2,21,16,-0.0
2,21,17,-0.0
2,21,18,17.0
2,21,19,18.0
2,21,20,19.0
2,21,21,20.0
2,21,22,21.0
2,21,23,22.0
2,21,24,23.0
2,21,25,24.0
2,21,26,25.0
2,21,27,26.0
2,21,28,27.0
2,21,29,28.0
2,21,30,29.0
2,21,31,30.0
2,21,32,31.0
2,21,33,32.0
2,21,34,33.0
2,21,35,34.0
2,21,36,35.0
2,21,37,36.0
2,21,38,37.0
2,21,39,38.0
2,21,40,39.0
2,21,41,40.0
2,21,42,41.0
2,21,43,41.0
2,21,44,41.0
2,21,45,41.0
2,21,46,41.0
2,21,47,41.0
2,21,48,41.0
2,21,49,41.0
2,21,50,41.0
2,21,51,41.0
2,21,52,41.0
2,21,53,41.0
2,21,54,41.0
2,21,55,41.0
2,21,56,41.0
2,21,57,41.0
2,21,58,41.0
2,21,59,41.0
2,21,60,41.0
2,21,61,41.0
2,21,62,41.0
2,21,63,41.0
2,21,64,41.0
2,21,65,41.0
2,21,66,41.0
2,21,67,41.0
2,21,68,41.0
2,21,69,41.0
2,21,70,41.0
2,21,71,41.0
2,21,72,41.0
2,21,73,41.0
2,21,74,41.0
2,21,75,41.0
2,21,76,41.0
2,21,77,-0.0
2,21,78,-0.0
2,21,79,-0.0
2,21,80,-0.0
2,21,81,-0.0
2,3,1,-0.0
2,3,2,1.0
2,3,3,2.0
2,3,4,3.0
2,3,5,4.0
2,3,6,5.0
2,3,7,6.0
2,3,8,7.0
2,3,9,8.0
2,3,10,9.0
2,3,11,10.0
2,3,12,11.0
2,3,13,12.0
2,3,14,13.0
2,3,15,14.0
2,3,16,15.0
2,3,17,16.0
2,3,18,17.0
2,3,19,18.0
2,3,20,19.0
2,3,21,20.0
2,3,22,21.0
2,3,23,22.0
2,3,24,22.0
2,3,25,22.0
2,3,26,22.0
2,3,27,22.0
2,3,28,22.0
2,3,29,22.0
2,3,30,22.0
2,3,31,22.0
2,3,32,22.0
2,3,33,22.0
2,3,34,22.0
2,3,35,22.0
2,3,36,22.0
2,3,37,22.0
2,3,38,22.0
2,3,39,22.0
2,3,40,22.0
2,3,41,22.0
2,3,42,22.0
2,3,43,22.0
2,3,44,22.0
2,3,45,22.0
2,3,46,22.0
2,3,47,22.0
2,3,48,22.0
2,3,49,22.0
2,3,50,22.0
2,3,51,22.0
2,3,52,22.0
2,3,53,22.0
2,3,54,22.0
2,3,55,22.0
2,3,56,-0.0
2,3,57,-0.0
2,3,58,-0.0
2,3,59,-0.0
2,3,60,-0.0
2,3,61,-0.0
2,3,62,-0.0
2,3,63,-0.0
2,3,64,-0.0
2,3,65,-0.0
2,3,66,-0.0
2,3,67,-0.0
2,3,68,-0.0
2,3,69,-0.0
2,3,70,-0.0
2,3,71,-0.0
2,3,72,-0.0
2,3,73,-0.0
2,3,74,-0.0
2,3,75,-0.0
2,3,76,-0.0
2,3,77,-0.0
2,3,78,-0.0
2,3,79,-0.0
2,3,80,-0.0
2,3,81,-0.0
2,4,1,-0.0
2,4,2,1.0
2,4,3,2.0
2,4,4,3.0
2,4,5,4.0
2,4,6,5.0
2,4,7,6.0
2,4,8,7.0
2,4,9,8.0
2,4,10,9.0
2,4,11,10.0
2,4,12,11.0
2,4,13,12.0
2,4,14,13.0
2,4,15,14.0
2,4,16,15.0
2,4,17,16.0
2,4,18,16.0
2,4,19,16.0
2,4,20,16.0
2,4,21,16.0
2,4,22,16.0
2,4,23,16.0
2,4,24,16.0
2,4,25,16.0
2,4,26,16.0
2,4,27,16.0
2,4,28,16.0
2,4,29,16.0
2,4,30,16.0
2,4,31,16.0
2,4,32,16.0
2,4,33,16.0
2,4,34,16.0
2,4,35,16.0
2,4,36,16.0
2,4,37,16.0
2,4,38,16.0
2,4,39,16.0
2,4,40,16.0
2,4,41,16.0
2,4,42,16.0
2,4,43,16.0
2,4,44,16.0
2,4,45,16.0
2,4,46,16.0
2,4,47,16.0
2,4,48,16.0
2,4,49,16.0
2,4,50,16.0
2,4,51,16.0
2,4,52,16.0
2,4,53,16.0
2,4,54,16.0
2,4,55,16.0
2,4,56,-0.0
2,4,57,-0.0
2,4,58,-0.0
2,4,59,-0.0
2,4,60,-0.0
2,4,61,-0.0
2,4,62,-0.0
2,4,63,-0.0
2,4,64,-0.0
2,4,65,-0.0
2,4,66,-0.0
2,4,67,-0.0
2,4,68,-0.0
2,4,69,-0.0
2,4,70,-0.0
2,4,71,-0.0
2,4,72,-0.0
2,4,73,-0.0
2,4,74,-0.0
2,4,75,-0.0
2,4,76,-0.0
2,4,77,-0.0
2,4,78,-0.0
2,4,79,-0.0
2,4,80,-0.0
2,4,81,-0.0
2,5,1,-0.0
2,5,2,1.0
2,5,3,2.0
2,5,4,3.0
2,5,5,4.0
2,5,6,5.0
2,5,7,6.0
2,5,8,7.0
2,5,9,8.0
2,5,10,9.0
2,5,11,10.0
2,5,12,11.0
2,5,13,12.0
2,5,14,13.0
2,5,15,14.0
2,5,16,15.0
2,5,17,16.0
2,5,18,17.0
2,5,19,17.0
2,5,20,17.0
2,5,21,17.0
2,5,22,17.0
2,5,23,17.0
2,5,24,17.0
2,5,25,17.0
2,5,26,17.0
2,5,27,17.0
2,5,28,17.0
2,5,29,17.0
2,5,30,17.0
2,5,31,17.0
2,5,32,17.0
2,5,33,17.0
2,5,34,17.0
2,5,35,17.0
2,5,36,17.0
2,5,37,17.0
2,5,38,17.0
2,5,39,17.0
2,5,40,17.0
2,5,41,17.0
2,5,42,17.0
2,5,43,17.0
2,5,44,17.0
2,5,45,17.0
2,5,46,17.0
2,5,47,17.0
2,5,48,17.0
2,5,49,17.0
2,5,50,17.0
2,5,51,17.0
2,5,52,17.0
2,5,53,17.0
2,5,54,17.0
2,5,55,17.0
2,5,56,-0.0
2,5,57,-0.0
2,5,58,-0.0
2,5,59,-0.0
2,5,60,-0.0
2,5,61,-0.0
2,5,62,-0.0
2,5,63,-0.0
2,5,64,-0.0
2,5,65,-0.0
2,5,66,-0.0
2,5,67,-0.0
2,5,68,-0.0
2,5,69,-0.0
2,5,70,-0.0
2,5,71,-0.0
2,5,72,-0.0
2,5,73,-0.0
2,5,74,-0.0
2,5,75,-0.0
2,5,76,-0.0
2,5,77,-0.0
2,5,78,-0.0
2,5,79,-0.0
2,5,80,-0.0
2,5,81,-0.0
2,6,1,-0.0
2,6,2,-0.0
2,6,3,-0.0
2,6,4,-0.0
2,6,5,-0.0
2,6,6,-0.0
2,6,7,-0.0
2,6,8,-0.0
2,6,9,-0.0
2,6,10,-0.0
2,6,11,-0.0
2,6,12,-0.0
2,6,13,-0.0
2,6,14,-0.0
2,6,15,-0.0
2,6,16,-0.0
2,6,17,-0.0
2,6,18,0.0
2,6,19,0.0
2,6,20,0.0
2,6,21,0.0
2,6,22,0.0
2,6,23,0.0
2,6,24,0.0
2,6,25,0.0
2,6,26,0.0
2,6,27,0.0
2,6,28,0.0
2,6,29,0.0
2,6,30,0.0
2,6,31,0.0
2,6,32,0.0
2,6,33,0.0
2,6,34,0.0
2,6,35,0.0
2,6,36,0.0
2,6,37,0.0
2,6,38,0.0
2,6,39,0.0
2,6,40,0.0
2,6,41,0.0
2,6,42,0.0
2,6,43,0.0
2,6,44,0.0
2,6,45,0.0
2,6,46,0.0
2,6,47,0.0
2,6,48,0.0
2,6,49,0.0
2,6,50,0.0
2,6,51,0.0
2,6,52,0.0
2,6,53,0.0
2,6,54,0.0
2,6,55,0.0
2,6,56,0.0
2,6,57,0.0
2,6,58,0.0
2,6,59,0.0
2,6,60,0.0
2,6,61,0.0
2,6,62,0.0
2,6,63,0.0
2,6,64,0.0
2,6,65,0.0
2,6,66,0.0
2,6,67,0.0
2,6,68,0.0
2,6,69,0.0
2,6,70,0.0
2,6,71,0.0
2,6,72,0.0
2,6,73,0.0
2,6,74,0.0
2,6,75,0.0
2,6,76,0.0
2,6,77,-0.0
2,6,78,-0.0
2,6,79,-0.0
2,6,80,-0.0
2,6,81,-0.0
2,7,1,-0.0
2,7,2,-0.0
2,7,3,-0.0
2,7,4,-0.0
2,7,5,-0.0
2,7,6,-0.0
2,7,7,-0.0
2,7,8,-0.0
2,7,9,-0.0
2,7,10,-0.0
2,7,11,-0.0
2,7,12,-0.0
2,7,13,-0.0
2,7,14,-0.0
2,7,15,-0.0
2,7,16,-0.0
2,7,17,-0.0
2,7,18,17.0
2,7,19,18.0
2,7,20,19.0
2,7,21,20.0
2,7,22,21.0
2,7,23,22.0
2,7,24,22.0
2,7,25,22.0
2,7,26,22.0
2,7,27,22.0
2,7,28,22.0
2,7,29,22.0
2,7,30,22.0
2,7,31,22.0
2,7,32,22.0
2,7,33,22.0
2,7,34,22.0
2,7,35,22.0
2,7,36,22.0
2,7,37,22.0
2,7,38,22.0
2,7,39,22.0
2,7,40,22.0
2,7,41,22.0
2,7,42,22.0
2,7,43,22.0
2,7,44,22.0
2,7,45,22.0
2,7,46,22.0
2,7,47,22.0
2,7,48,22.0
2,7,49,22.0
2,7,50,22.0
2,7,51,22.0
2,7,52,22.0
2,7,53,22.0
2,7,54,22.0
2,7,55,22.0
2,7,56,22.0
2,7,57,22.0
2,7,58,22.0
2,7,59,22.0
2,7,60,22.0
2,7,61,22.0
2,7,62,22.0
2,7,63,22.0
2,7,64,22.0
2,7,65,22.0
2,7,66,22.0
2,7,67,22.0
2,7,68,22.0
2,7,69,22.0
2,7,70,22.0
2,7,71,22.0
2,7,72,22.0
2,7,73,22.0
2,7,74,22.0
2,7,75,22.0
2,7,76,22.0
2,7,77,-0.0
2,7,78,-0.0
2,7,79,-0.0
2,7,80,-0.0
2,7,81,-0.0
2,8,1,-0.0
2,8,2,1.0
2,8,3,2.0
2,8,4,3.0
2,8,5,4.0
2,8,6,5.0
2,8,7,6.0
2,8,8,7.0
2,8,9,8.0
2,8,10,9.0
2,8,11,10.0
2,8,12,11.0
2,8,13,12.0
2,8,14,13.0
2,8,15,14.0
2,8,16,15.0
2,8,17,16.0
2,8,18,17.0
2,8,19,17.0
2,8,20,17.0
2,8,21,17.0
2,8,22,17.0
2,8,23,17.0
2,8,24,17.0
2,8,25,17.0
2,8,26,17.0
2,8,27,17.0
2,8,28,17.0
2,8,29,17.0
2,8,30,17.0
2,8,31,17.0
2,8,32,17.0
2,8,33,17.0
2,8,34,17.0
2,8,35,17.0
2,8,36,17.0
2,8,37,17.0
2,8,38,17.0
2,8,39,17.0
2,8,40,17.0
2,8,41,17.0
2,8,42,17.0
2,8,43,17.0
2,8,44,17.0
2,8,45,17.0
2,8,46,17.0
2,8,47,17.0
2,8,48,17.0
2,8,49,17.0
2,8,50,17.0
2,8,51,17.0
2,8,52,17.0
2,8,53,17.0
2,8,54,17.0
2,8,55,17.0
2,8,56,-0.0
2,8,57,-0.0
2,8,58,-0.0
2,8,59,-0.0
2,8,60,-0.0
2,8,61,-0.0
2,8,62,-0.0
2,8,63,-0.0
2,8,64,-0.0
2,8,65,-0.0
2,8,66,-0.0
2,8,67,-0.0
2,8,68,-0.0
2,8,69,-0.0
2,8,70,-0.0
2,8,71,-0.0
2,8,72,-0.0
2,8,73,-0.0
2,8,74,-0.0
2,8,75,-0.0
2,8,76,-0.0
2,8,77,-0.0
2,8,78,-0.0
2,8,79,-0.0
2,8,80,-0.0
2,8,81,-0.0
2,9,1,-0.0
2,9,2,1.0
2,9,3,2.0
2,9,4,3.0
2,9,5,4.0
2,9,6,5.0
2,9,7,6.0
2,9,8,7.0
2,9,9,8.0
2,9,10,9.0
2,9,11,10.0
2,9,12,11.0
2,9,13,12.0
2,9,14,13.0
2,9,15,14.0
2,9,16,15.0
2,9,17,16.0
2,9,18,17.0
2,9,19,17.0
2,9,20,17.0
2,9,21,17.0
2,9,22,17.0
2,9,23,17.0
2,9,24,17.0
2,9,25,17.0
2,9,26,17.0
2,9,27,17.0
2,9,28,17.0
2,9,29,17.0
2,9,30,17.0
2,9,31,17.0
2,9,32,17.0
2,9,33,17.0
2,9,34,17.0
2,9,35,17.0
2,9,36,17.0
2,9,37,17.0
2,9,38,17.0
2,9,39,17.0
2,9,40,17.0
2,9,41,17.0
2,9,42,17.0
2,9,43,17.0
2,9,44,17.0
2,9,45,17.0
2,9,46,17.0
2,9,47,17.0
2,9,48,17.0
2,9,49,17.0
2,9,50,17.0
2,9,51,17.0
2,9,52,17.0
2,9,53,17.0
2,9,54,17.0
2,9,55,17.0
2,9,56,-0.0
2,9,57,-0.0
2,9,58,-0.0
2,9,59,-0.0
2,9,60,-0.0
2,9,61,-0.0
2,9,62,-0.0
2,9,63,-0.0
2,9,64,-0.0
2,9,65,-0.0
2,9,66,-0.0
2,9,67,-0.0
2,9,68,-0.0
2,9,69,-0.0
2,9,70,-0.0
2,9,71,-0.0
2,9,72,-0.0
2,9,73,-0.0
2,9,74,-0.0
2,9,75,-0.0
2,9,76,-0.0
2,9,77,-0.0
2,9,78,-0.0
2,9,79,-0.0
2,9,80,-0.0
2,9,81,-0.0
3,1,1,0.0
3,1,2,0.0
3,1,3,-0.0
3,1,4,3.0
3,1,5,4.0
3,1,6,5.0
3,1,7,6.0
3,1,8,7.0
3,1,9,8.0
3,1,10,9.0
3,1,11,10.0
3,1,12,11.0
3,1,13,12.0
3,1,14,13.0
3,1,15,14.0
3,1,16,15.0
3,1,17,16.0
3,1,18,17.0
3,1,19,18.0
3,1,20,19.0
3,1,21,20.0
3,1,22,21.0
3,1,23,22.0
3,1,24,23.0
3,1,25,24.0
3,1,26,25.0
3,1,27,26.0
3,1,28,27.0
3,1,29,28.0
3,1,30,29.0
3,1,31,30.0
3,1,32,31.0
3,1,33,32.0
3,1,34,32.0
3,1,35,32.0
3,1,36,32.0
3,1,37,32.0
3,1,38,32.0
3,1,39,32.0
3,1,40,32.0
3,1,41,32.0
3,1,42,32.0
3,1,43,32.0
3,1,44,32.0
3,1,45,32.0
3,1,46,32.0
3,1,47,32.0
3,1,48,32.0
3,1,49,32.0
3,1,50,32.0
3,1,51,32.0
3,1,52,-0.0
3,1,53,-0.0
3,1,54,-0.0
3,1,55,-0.0
3,1,56,-0.0
3,1,57,-0.0
3,1,58,-0.0
3,1,59,-0.0
3,1,60,-0.0
3,1,61,-0.0
3,1,62,-0.0
3,1,63,-0.0
3,1,64,-0.0
3,1,65,-0.0
3,1,66,-0.0
3,1,67,-0.0
3,1,68,-0.0
3,1,69,-0.0
3,1,70,-0.0
3,1,71,-0.0
3,10,1,0.0
3,10,2,1.0
3,10,3,2.0
3,10,4,3.0
3,10,5,4.0
3,10,6,5.0
3,10,7,6.0
3,10,8,7.0
3,10,9,8.0
3,10,10,9.0
3,10,11,10.0
3,10,12,11.0
3,10,13,12.0
3,10,14,13.0
3,10,15,14.0
3,10,16,15.0
3,10,17,16.0
3,10,18,17.0
3,10,19,18.0
3,10,20,19.0
3,10,21,20.0
3,10,22,20.0
3,10,23,20.0
3,10,24,20.0
3,10,25,20.0
3,10,26,20.0
3,10,27,20.0
3,10,28,20.0
3,10,29,20.0
3,10,30,20.0
3,10,31,20.0
3,10,32,20.0
3,10,33,20.0
3,10,34,20.0
3,10,35,20.0
3,10,36,20.0
3,10,37,20.0
3,10,38,20.0
3,10,39,20.0
3,10,40,20.0
3,10,41,20.0
3,10,42,20.0
3,10,43,20.0
3,10,44,20.0
3,10,45,20.0
3,10,46,20.0
3,10,47,20.0
3,10,48,20.0
3,10,49,20.0
3,10,50,20.0
3,10,51,20.0
3,10,52,-0.0
3,10,53,-0.0
3,10,54,-0.0
3,10,55,-0.0
3,10,56,-0.0
3,10,57,-0.0
3,10,58,-0.0
3,10,59,-0.0
3,10,60,-0.0
3,10,61,-0.0
3,10,62,-0.0
3,10,63,-0.0
3,10,64,-0.0
3,10,65,-0.0
3,10,66,-0.0
3,10,67,-0.0
3,10,68,-0.0
3,10,69,-0.0
3,10,70,-0.0
3,10,71,-0.0
3,11,1,0.0
3,11,2,1.0
3,11,3,2.0
3,11,4,3.0
3,11,5,4.0
3,11,6,5.0
3,11,7,6.0
3,11,8,7.0
3,11,9,8.0
3,11,10,9.0
3,11,11,10.0
3,11,12,11.0
3,11,13,12.0
3,11,14,13.0
3,11,15,14.0
3,11,16,14.0
3,11,17,14.0
3,11,18,14.0
3,11,19,14.0
3,11,20,14.0
3,11,21,14.0
3,11,22,14.0
3,11,23,14.0
3,11,24,14.0
3,11,25,14.0
3,11,26,14.0
3,11,27,14.0
3,11,28,14.0
3,11,29,14.0
3,11,30,14.0
3,11,31,14.0
3,11,32,14.0
3,11,33,14.0
3,11,34,14.0
3,11,35,14.0
3,11,36,14.0
3,11,37,14.0
3,11,38,14.0
3,11,39,14.0
3,11,40,14.0
3,11,41,14.0
3,11,42,14.0
3,11,43,14.0
3,11,44,14.0
3,11,45,14.0
3,11,46,14.0
3,11,47,14.0
3,11,48,14.0
3,11,49,14.0
3,11,50,14.0
3,11,51,14.0
3,11,52,-0.0
3,11,53,-0.0
3,11,54,-0.0
3,11,55,-0.0
3,11,56,-0.0
3,11,57,-0.0
3,11,58,-0.0
3,11,59,-0.0
3,11,60,-0.0
3,11,61,-0.0
3,11,62,-0.0
3,11,63,-0.0
3,11,64,-0.0
3,11,65,-0.0
3,11,66,-0.0
3,11,67,-0.0
3,11,68,-0.0
3,11,69,-0.0
3,11,70,-0.0
3,11,71,-0.0
3,12,1,0.0
3,12,2,1.0
3,12,3,2.0
3,12,4,3.0
3,12,5,4.0
3,12,6,5.0
3,12,7,6.0
3,12,8,7.0
3,12,9,8.0
3,12,10,9.0
3,12,11,10.0
3,12,12,11.0
3,12,13,12.0
3,12,14,13.0
3,12,15,14.0
3,12,16,15.0
3,12,17,16.0
3,12,18,17.0
3,12,19,18.0
3,12,20,18.0
3,12,21,18.0
3,12,22,18.0
3,12,23,18.0
3,12,24,18.0
3,12,25,18.0
3,12,26,18.0
3,12,27,18.0
3,12,28,18.0
3,12,29,18.0
3,12,30,18.0
3,12,31,18.0
3,12,32,18.0
3,12,33,18.0
3,12,34,18.0
3,12,35,18.0
3,12,36,18.0
3,12,37,18.0
3,12,38,18.0
3,12,39,18.0
3,12,40,18.0
3,12,41,18.0
3,12,42,18.0
3,12,43,18.0
3,12,44,18.0
3,12,45,18.0
3,12,46,18.0
3,12,47,18.0
3,12,48,18.0
3,12,49,18.0
3,12,50,18.0
3,12,51,18.0
3,12,52,-0.0
3,12,53,-0.0
3,12,54,-0.0
3,12,55,-0.0
3,12,56,-0.0
3,12,57,-0.0
3,12,58,-0.0
3,12,59,-0.0
3,12,60,-0.0
3,12,61,-0.0
3,12,62,-0.0
3,12,63,-0.0
3,12,64,-0.0
3,12,65,-0.0
3,12,66,-0.0
3,12,67,-0.0
3,12,68,-0.0
3,12,69,-0.0
3,12,70,-0.0
3,12,71,-0.0
3,13,1,-0.0
3,13,2,-0.0
3,13,3,-0.0
3,13,4,-0.0
3,13,5,-0.0
3,13,6,-0.0
3,13,7,-0.0
3,13,8,-0.0
3,13,9,-0.0
3,13,10,-0.0
3,13,11,-0.0
3,13,12,-0.0
3,13,13,-0.0
3,13,14,13.0
3,13,15,14.0
3,13,16,15.0
3,13,17,16.0
3,13,18,17.0
3,13,19,18.0
3,13,20,19.0
3,13,21,20.0
3,13,22,21.0
3,13,23,22.0
3,13,24,23.0
3,13,25,24.0
3,13,26,25.0
3,13,27,26.0
3,13,28,27.0
3,13,29,28.0
3,13,30,29.0
3,13,31,30.0
3,13,32,31.0
3,13,33,32.0
3,13,34,33.0
3,13,35,34.0
3,13,36,35.0
3,13,37,36.0
3,13,38,37.0
3,13,39,38.0
3,13,40,38.0
3,13,41,38.0
3,13,42,38.0
3,13,43,38.0
3,13,44,38.0
3,13,45,38.0
3,13,46,38.0
3,13,47,38.0
3,13,48,38.0
3,13,49,38.0
3,13,50,38.0
3,13,51,38.0
3,13,52,38.0
3,13,53,38.0
3,13,54,38.0
3,13,55,38.0
3,13,56,38.0
3,13,57,38.0
3,13,58,38.0
3,13,59,38.0
3,13,60,38.0
3,13,61,38.0
3,13,62,38.0
3,13,63,38.0
3,13,64,38.0
3,13,65,38.0
3,13,66,38.0
3,13,67,38.0
3,13,68,38.0
3,13,69,-0.0
3,13,70,-0.0
3,13,71,-0.0
3,14,1,-0.0
3,14,2,-0.0
3,14,3,-0.0
3,14,4,-0.0
3,14,5,-0.0
3,14,6,-0.0
3,14,7,-0.0
3,14,8,-0.0
3,14,9,-0.0
3,14,10,-0.0
3,14,11,-0.0
3,14,12,-0.0
3,14,13,-0.0
3,14,14,13.0
3,14,15,14.0
3,14,16,15.0
3,14,17,16.0
3,14,18,17.0
3,14,19,18.0
3,14,20,19.0
3,14,21,20.0
3,14,22,21.0
3,14,23,22.0
3,14,24,23.0
3,14,25,24.0
3,14,26,25.0
3,14,27,26.0
3,14,28,27.0
3,14,29,28.0
3,14,30,29.0
3,14,31,30.0
3,14,32,31.0
3,14,33,32.0
3,14,34,33.0
3,14,35,34.0
3,14,36,35.0
3,14,37,36.0
3,14,38,37.0
3,14,39,38.0
3,14,40,38.0
3,14,41,38.0
3,14,42,38.0
3,14,43,38.0
3,14,44,38.0
3,14,45,38.0
3,14,46,38.0
3,14,47,38.0
3,14,48,38.0
3,14,49,38.0
3,14,50,38.0
3,14,51,38.0
3,14,52,38.0
3,14,53,38.0
3,14,54,38.0
3,14,55,38.0
3,14,56,38.0
3,14,57,38.0
3,14,58,38.0
3,14,59,38.0
3,14,60,38.0
3,14,61,38.0
3,14,62,38.0
3,14,63,38.0
3,14,64,38.0
3,14,65,38.0
3,14,66,38.0
3,14,67,38.0
3,14,68,38.0
3,14,69,-0.0
3,14,70,-0.0
3,14,71,-0.0
3,15,1,0.0
3,15,2,1.0
3,15,3,2.0
3,15,4,3.0
3,15,5,4.0
3,15,6,5.0
3,15,7,6.0
3,15,8,7.0
3,15,9,8.0
3,15,10,9.0
3,15,11,10.0
3,15,12,11.0
3,15,13,12.0
3,15,14,13.0
3,15,15,14.0
3,15,16,15.0
3,15,17,16.0
3,15,18,17.0
3,15,19,18.0
3,15,20,18.0
3,15,21,18.0
3,15,22,18.0
3,15,23,18.0
3,15,24,18.0
3,15,25,18.0
3,15,26,18.0
3,15,27,18.0
3,15,28,18.0
3,15,29,18.0
3,15,30,18.0
3,15,31,18.0
3,15,32,18.0
3,15,33,18.0
3,15,34,18.0
3,15,35,18.0
3,15,36,18.0
3,15,37,18.0
3,15,38,18.0
3,15,39,18.0
3,15,40,18.0
3,15,41,18.0
3,15,42,18.0
3,15,43,18.0
3,15,44,18.0
3,15,45,18.0
3,15,46,18.0
3,15,47,18.0
3,15,48,18.0
3,15,49,18.0
3,15,50,18.0
3,15,51,18.0
3,15,52,-0.0
3,15,53,-0.0
3,15,54,-0.0
3,15,55,-0.0
3,15,56,-0.0
3,15,57,-0.0
3,15,58,-0.0
3,15,59,-0.0
3,15,60,-0.0
3,15,61,-0.0
3,15,62,-0.0
3,15,63,-0.0
3,15,64,-0.0
3,15,65,-0.0
3,15,66,-0.0
3,15,67,-0.0
3,15,68,-0.0
3,15,69,-0.0
3,15,70,-0.0
3,15,71,-0.0
3,16,1,0.0
3,16,2,1.0
3,16,3,2.0
3,16,4,3.0
3,16,5,4.0
3,16,6,5.0
3,16,7,6.0
3,16,8,7.0
3,16,9,8.0
3,16,10,9.0
3,16,11,10.0
3,16,12,11.0
3,16,13,12.0
3,16,14,13.0
3,16,15,14.0
3,16,16,15.0
3,16,17,16.0
3,16,18,17.0
3,16,19,18.0
3,16,20,18.0
3,16,21,18.0
3,16,22,18.0
3,16,23,18.0
3,16,24,18.0
3,16,25,18.0
3,16,26,18.0
3,16,27,18.0
3,16,28,18.0
3,16,29,18.0
3,16,30,18.0
3,16,31,18.0
3,16,32,18.0
3,16,33,18.0
3,16,34,18.0
3,16,35,18.0
3,16,36,18.0
3,16,37,18.0
3,16,38,18.0
3,16,39,18.0
3,16,40,18.0
3,16,41,18.0
3,16,42,18.0
3,16,43,18.0
3,16,44,18.0
3,16,45,18.0
3,16,46,18.0
3,16,47,18.0
3,16,48,18.0
3,16,49,18.0
3,16,50,18.0
3,16,51,18.0
3,16,52,-0.0
3,16,53,-0.0
3,16,54,-0.0
3,16,55,-0.0
3,16,56,-0.0
3,16,57,-0.0
3,16,58,-0.0
3,16,59,-0.0
3,16,60,-0.0
3,16,61,-0.0
3,16,62,-0.0
3,16,63,-0.0
3,16,64,-0.0
3,16,65,-0.0
3,16,66,-0.0
3,16,67,-0.0
3,16,68,-0.0
3,16,69,-0.0
3,16,70,-0.0
3,16,71,-0.0
3,17,1,0.0
3,17,2,1.0
3,17,3,2.0
3,17,4,3.0
3,17,5,4.0
3,17,6,5.0
3,17,7,6.0
3,17,8,7.0
3,17,9,8.0
3,17,10,9.0
3,17,11,10.0
3,17,12,11.0
3,17,13,12.0
3,17,14,13.0
3,17,15,14.0
3,17,16,15.0
3,17,17,16.0
3,17,18,17.0
3,17,19,17.0
3,17,20,17.0
3,17,21,17.0
3,17,22,17.0
3,17,23,17.0
3,17,24,17.0
3,17,25,17.0
3,17,26,17.0
3,17,27,17.0
3,17,28,17.0
3,17,29,17.0
3,17,30,17.0
3,17,31,17.0
3,17,32,17.0
3,17,33,17.0
3,17,34,17.0
3,17,35,17.0
3,17,36,17.0
3,17,37,17.0
3,17,38,17.0
3,17,39,17.0
3,17,40,17.0
3,17,41,17.0
3,17,42,17.0
3,17,43,17.0
3,17,44,17.0
3,17,45,17.0
3,17,46,17.0
3,17,47,17.0
3,17,48,17.0
3,17,49,17.0
3,17,50,17.0
3,17,51,17.0
3,17,52,-0.0
3,17,53,-0.0
3,17,54,-0.0
3,17,55,-0.0
3,17,56,-0.0
3,17,57,-0.0
3,17,58,-0.0
3,17,59,-0.0
3,17,60,-0.0
3,17,61,-0.0
3,17,62,-0.0
3,17,63,-0.0
3,17,64,-0.0
3,17,65,-0.0
3,17,66,-0.0
3,17,67,-0.0
3,17,68,-0.0
3,17,69,-0.0
3,17,70,-0.0
3,17,71,-0.0
3,18,1,0.0
3,18,2,1.0
3,18,3,2.0
3,18,4,3.0
3,18,5,4.0
3,18,6,5.0
3,18,7,6.0
3,18,8,7.0
3,18,9,8.0
3,18,10,9.0
3,18,11,10.0
3,18,12,11.0
3,18,13,12.0
3,18,14,13.0
3,18,15,14.0
3,18,16,15.0
3,18,17,16.0
3,18,18,17.0
3,18,19,17.0
3,18,20,17.0
3,18,21,17.0
3,18,22,17.0
3,18,23,17.0
3,18,24,17.0
3,18,25,17.0
3,18,26,17.0
3,18,27,17.0
3,18,28,17.0
3,18,29,17.0
3,18,30,17.0
3,18,31,17.0
3,18,32,17.0
3,18,33,17.0
3,18,34,17.0
3,18,35,17.0
3,18,36,17.0
3,18,37,17.0
3,18,38,17.0
3,18,39,17.0
3,18,40,17.0
3,18,41,17.0
3,18,42,17.0
3,18,43,17.0
3,18,44,17.0
3,18,45,17.0
3,18,46,17.0
3,18,47,17.0
3,18,48,17.0
3,18,49,17.0
3,18,50,17.0
3,18,51,17.0
3,18,52,-0.0
3,18,53,-0.0
3,18,54,-0.0
3,18,55,-0.0
3,18,56,-0.0
3,18,57,-0.0
3,18,58,-0.0
3,18,59,-0.0
3,18,60,-0.0
3,18,61,-0.0
3,18,62,-0.0
3,18,63,-0.0
3,18,64,-0.0
3,18,65,-0.0
3,18,66,-0.0
3,18,67,-0.0
3,18,68,-0.0
3,18,69,-0.0
3,18,70,-0.0
3,18,71,-0.0
3,19,1,0.0
3,19,2,1.0
3,19,3,2.0
3,19,4,3.0
3,19,5,4.0
3,19,6,5.0
3,19,7,6.0
3,19,8,7.0
3,19,9,8.0
3,19,10,9.0
3,19,11,10.0
3,19,12,11.0
3,19,13,12.0
3,19,14,13.0
3,19,15,14.0
3,19,16,15.0
3,19,17,16.0
3,19,18,17.0
3,19,19,18.0
3,19,20,19.0
3,19,21,20.0
3,19,22,21.0
3,19,23,21.0
3,19,24,21.0
3,19,25,21.0
3,19,26,21.0
3,19,27,21.0
3,19,28,21.0
3,19,29,21.0
3,19,30,21.0
3,19,31,21.0
3,19,32,21.0
3,19,33,21.0
3,19,34,21.0
3,19,35,21.0
3,19,36,21.0
3,19,37,21.0
3,19,38,21.0
3,19,39,21.0
3,19,40,21.0
3,19,41,21.0
3,19,42,21.0
3,19,43,21.0
3,19,44,21.0
3,19,45,21.0
3,19,46,21.0
3,19,47,21.0
3,19,48,21.0
3,19,49,21.0
3,19,50,21.0
3,19,51,21.0
3,19,52,-0.0
3,19,53,-0.0
3,19,54,-0.0
3,19,55,-0.0
3,19,56,-0.0
3,19,57,-0.0
3,19,58,-0.0
3,19,59,-0.0
3,19,60,-0.0
3,19,61,-0.0
3,19,62,-0.0
3,19,63,-0.0
3,19,64,-0.0
3,19,65,-0.0
3,19,66,-0.0
3,19,67,-0.0
3,19,68,-0.0
3,19,69,-0.0
3,19,70,-0.0
3,19,71,-0.0
3,2,1,0.0
3,2,2,1.0
3,2,3,2.0
3,2,4,3.0
3,2,5,4.0
3,2,6,5.0
3,2,7,6.0
3,2,8,7.0
3,2,9,8.0
3,2,10,9.0
3,2,11,10.0
3,2,12,11.0
3,2,13,12.0
3,2,14,13.0
3,2,15,14.0
3,2,16,15.0
3,2,17,16.0
3,2,18,17.0
3,2,19,18.0
3,2,20,19.0
3,2,21,19.0
3,2,22,19.0
3,2,23,19.0
3,2,24,19.0
3,2,25,19.0
3,2,26,19.0
3,2,27,19.0
3,2,28,19.0
3,2,29,19.0
3,2,30,19.0
3,2,31,19.0
3,2,32,19.0
3,2,33,19.0
3,2,34,19.0
3,2,35,19.0
3,2,36,19.0
3,2,37,19.0
3,2,38,19.0
3,2,39,19.0
3,2,40,19.0
3,2,41,19.0
3,2,42,19.0
3,2,43,19.0
3,2,44,19.0
3,2,45,19.0
3,2,46,19.0
3,2,47,19.0
3,2,48,19.0
3,2,49,19.0
3,2,50,19.0
3,2,51,19.0
3,2,52,-0.0
3,2,53,-0.0
3,2,54,-0.0
3,2,55,-0.0
3,2,56,-0.0
3,2,57,-0.0
3,2,58,-0.0
3,2,59,-0.0
3,2,60,-0.0
3,2,61,-0.0
3,2,62,-0.0
3,2,63,-0.0
3,2,64,-0.0
3,2,65,-0.0
3,2,66,-0.0
3,2,67,-0.0
3,2,68,-0.0
3,2,69,-0.0
3,2,70,-0.0
3,2,71,-0.0
3,20,1,-0.0
3,20,2,-0.0
3,20,3,-0.0
3,20,4,-0.0
3,20,5,-0.0
3,20,6,-0.0
3,20,7,-0.0
3,20,8,-0.0
3,20,9,-0.0
3,20,10,-0.0
3,20,11,-0.0
3,20,12,-0.0
3,20,13,-0.0
3,20,14,13.0
3,20,15,14.0
3,20,16,15.0
3,20,17,16.0
3,20,18,17.0
3,20,19,18.0
3,20,20,19.0
3,20,21,20.0
3,20,22,21.0
3,20,23,22.0
3,20,24,23.0
3,20,25,24.0
3,20,26,25.0
3,20,27,26.0
3,20,28,27.0
3,20,29,28.0
3,20,30,29.0
3,20,31,30.0
3,20,32,31.0
3,20,33,32.0
3,20,34,33.0
3,20,35,34.0
3,20,36,34.0
3,20,37,34.0
3,20,38,34.0
3,20,39,34.0
3,20,40,34.0
3,20,41,34.0
3,20,42,34.0
3,20,43,34.0
3,20,44,34.0
3,20,45,34.0
3,20,46,34.0
3,20,47,34.0
3,20,48,34.0
3,20,49,34.0
3,20,50,34.0
3,20,51,34.0
3,20,52,34.0
3,20,53,34.0
3,20,54,34.0
3,20,55,34.0
3,20,56,34.0
3,20,57,34.0
3,20,58,34.0
3,20,59,34.0
3,20,60,34.0
3,20,61,34.0
3,20,62,34.0
3,20,63,34.0
3,20,64,34.0
3,20,65,34.0
3,20,66,34.0
3,20,67,34.0
3,20,68,34.0
3,20,69,-0.0
3,20,70,-0.0
3,20,71,-0.0
3,21,1,-0.0
3,21,2,-0.0
3,21,3,-0.0
3,21,4,-0.0
3,21,5,-0.0
3,21,6,-0.0
3,21,7,-0.0
3,21,8,-0.0
3,21,9,-0.0
3,21,10,-0.0
3,21,11,-0.0
3,21,12,-0.0
3,21,13,-0.0
3,21,14,13.0
3,21,15,14.0
3,21,16,15.0
3,21,17,16.0
3,21,18,17.0
3,21,19,18.0
3,21,20,19.0
3,21,21,20.0
3,21,22,21.0
3,21,23,22.0
3,21,24,23.0
3,21,25,24.0
3,21,26,25.0
3,21,27,26.0
3,21,28,27.0
3,21,29,28.0
3,21,30,29.0
3,21,31,30.0
3,21,32,31.0
3,21,33,32.0
3,21,34,33.0
3,21,35,34.0
3,21,36,35.0
3,21,37,36.0
3,21,38,37.0
3,21,39,38.0
3,21,40,38.0
3,21,41,38.0
3,21,42,38.0
3,21,43,38.0
3,21,44,38.0
3,21,45,38.0
3,21,46,38.0
3,21,47,38.0
3,21,48,38.0
3,21,49,38.0
3,21,50,38.0
3,21,51,38.0
3,21,52,38.0
3,21,53,38.0
3,21,54,38.0
3,21,55,38.0
3,21,56,38.0
3,21,57,38.0
3,21,58,38.0
3,21,59,38.0
3,21,60,38.0
3,21,61,38.0
3,21,62,38.0
3,21,63,38.0
3,21,64,38.0
3,21,65,38.0
3,21,66,38.0
3,21,67,38.0
3,21,68,38.0
3,21,69,-0.0
3,21,70,-0.0
3,21,71,-0.0
3,3,1,0.0
3,3,2,1.0
3,3,3,2.0
3,3,4,3.0
3,3,5,4.0
3,3,6,5.0
3,3,7,6.0
3,3,8,7.0
3,3,9,8.0
3,3,10,9.0
3,3,11,10.0
3,3,12,11.0
3,3,13,12.0
3,3,14,13.0
3,3,15,14.0
3,3,16,15.0
3,3,17,16.0
3,3,18,17.0
3,3,19,18.0
3,3,20,19.0
3,3,21,20.0
3,3,22,20.0
3,3,23,20.0
3,3,24,20.0
3,3,25,20.0
3,3,26,20.0
3,3,27,20.0
3,3,28,20.0
3,3,29,20.0
3,3,30,20.0
3,3,31,20.0
3,3,32,20.0
3,3,33,20.0
3,3,34,20.0
3,3,35,20.0
3,3,36,20.0
3,3,37,20.0
3,3,38,20.0
3,3,39,20.0
3,3,40,20.0
3,3,41,20.0
3,3,42,20.0
3,3,43,20.0
3,3,44,20.0
3,3,45,20.0
3,3,46,20.0
3,3,47,20.0
3,3,48,20.0
3,3,49,20.0
3,3,50,20.0
3,3,51,20.0
3,3,52,-0.0
3,3,53,-0.0
3,3,54,-0.0
3,3,55,-0.0
3,3,56,-0.0
3,3,57,-0.0
3,3,58,-0.0
3,3,59,-0.0
3,3,60,-0.0
3,3,61,-0.0
3,3,62,-0.0
3,3,63,-0.0
3,3,64,-0.0
3,3,65,-0.0
3,3,66,-0.0
3,3,67,-0.0
3,3,68,-0.0
3,3,69,-0.0
3,3,70,-0.0
3,3,71,-0.0
3,4,1,0.0
3,4,2,1.0
3,4,3,2.0
3,4,4,3.0
3,4,5,4.0
3,4,6,5.0
3,4,7,6.0
3,4,8,7.0
3,4,9,8.0
3,4,10,9.0
3,4,11,10.0
3,4,12,11.0
3,4,13,12.0
3,4,14,13.0
3,4,15,14.0
3,4,16,15.0
3,4,17,16.0
3,4,18,17.0
3,4,19,17.0
3,4,20,17.0
3,4,21,17.0
3,4,22,17.0
3,4,23,17.0
3,4,24,17.0
3,4,25,17.0
3,4,26,17.0
3,4,27,17.0
3,4,28,17.0
3,4,29,17.0
3,4,30,17.0
3,4,31,17.0
3,4,32,17.0
3,4,33,17.0
3,4,34,17.0
3,4,35,17.0
3,4,36,17.0
3,4,37,17.0
3,4,38,17.0
3,4,39,17.0
3,4,40,17.0
3,4,41,17.0
3,4,42,17.0
3,4,43,17.0
3,4,44,17.0
3,4,45,17.0
3,4,46,17.0
3,4,47,17.0
3,4,48,17.0
3,4,49,17.0
3,4,50,17.0
3,4,51,17.0
3,4,52,-0.0
3,4,53,-0.0
3,4,54,-0.0
3,4,55,-0.0
3,4,56,-0.0
3,4,57,-0.0
3,4,58,-0.0
3,4,59,-0.0
3,4,60,-0.0
3,4,61,-0.0
3,4,62,-0.0
3,4,63,-0.0
3,4,64,-0.0
3,4,65,-0.0
3,4,66,-0.0
3,4,67,-0.0
3,4,68,-0.0
3,4,69,-0.0
3,4,70,-0.0
3,4,71,-0.0
3,5,1,0.0
3,5,2,1.0
3,5,3,2.0
3,5,4,3.0
3,5,5,4.0
3,5,6,5.0
3,5,7,6.0
3,5,8,7.0
3,5,9,8.0
3,5,10,9.0
3,5,11,10.0
3,5,12,11.0
3,5,13,12.0
3,5,14,13.0
3,5,15,14.0
3,5,16,15.0
3,5,17,16.0
3,5,18,17.0
3,5,19,17.0
3,5,20,17.0
3,5,21,17.0
3,5,22,17.0
3,5,23,17.0
3,5,24,17.0
3,5,25,17.0
3,5,26,17.0
3,5,27,17.0
3,5,28,17.0
3,5,29,17.0
3,5,30,17.0
3,5,31,17.0
3,5,32,17.0
3,5,33,17.0
3,5,34,17.0
3,5,35,17.0
3,5,36,17.0
3,5,37,17.0
3,5,38,17.0
3,5,39,17.0
3,5,40,17.0
3,5,41,17.0
3,5,42,17.0
3,5,43,17.0
3,5,44,17.0
3,5,45,17.0
3,5,46,17.0
3,5,47,17.0
3,5,48,17.0
3,5,49,17.0
3,5,50,17.0
3,5,51,17.0
3,5,52,-0.0
3,5,53,-0.0
3,5,54,-0.0
3,5,55,-0.0
3,5,56,-0.0
3,5,57,-0.0
3,5,58,-0.0
3,5,59,-0.0
3,5,60,-0.0
3,5,61,-0.0
3,5,62,-0.0
3,5,63,-0.0
3,5,64,-0.0
3,5,65,-0.0
3,5,66,-0.0
3,5,67,-0.0
3,5,68,-0.0
3,5,69,-0.0
3,5,70,-0.0
3,5,71,-0.0
3,6,1,-0.0
3,6,2,-0.0
3,6,3,-0.0
3,6,4,-0.0
3,6,5,-0.0
3,6,6,-0.0
3,6,7,-0.0
3,6,8,-0.0
3,6,9,-0.0
3,6,10,-0.0
3,6,11,-0.0
3,6,12,-0.0
3,6,13,-0.0
3,6,14,13.0
3,6,15,14.0
3,6,16,15.0
3,6,17,16.0
3,6,18,17.0
3,6,19,18.0
3,6,20,18.0
3,6,21,18.0
3,6,22,18.0
3,6,23,18.0
3,6,24,18.0
3,6,25,18.0
3,6,26,18.0
3,6,27,18.0
3,6,28,18.0
3,6,29,18.0
3,6,30,18.0
3,6,31,18.0
3,6,32,18.0
3,6,33,18.0
3,6,34,18.0
3,6,35,18.0
3,6,36,18.0
3,6,37,18.0
3,6,38,18.0
3,6,39,18.0
3,6,40,18.0
3,6,41,18.0
3,6,42,18.0
3,6,43,18.0
3,6,44,18.0
3,6,45,18.0
3,6,46,18.0
3,6,47,18.0
3,6,48,18.0
3,6,49,18.0
3,6,50,18.0
3,6,51,18.0
3,6,52,18.0
3,6,53,18.0
3,6,54,18.0
3,6,55,18.0
3,6,56,18.0
3,6,57,18.0
3,6,58,18.0
3,6,59,18.0
3,6,60,18.0
3,6,61,18.0
3,6,62,18.0
3,6,63,18.0
3,6,64,18.0
3,6,65,18.0
3,6,66,18.0
3,6,67,18.0
3,6,68,18.0
3,6,69,-0.0
3,6,70,-0.0
3,6,71,-0.0
3,7,1,-0.0
3,7,2,-0.0
3,7,3,-0.0
3,7,4,-0.0
3,7,5,-0.0
3,7,6,-0.0
3,7,7,-0.0
3,7,8,-0.0
3,7,9,-0.0
3,7,10,-0.0
3,7,11,-0.0
3,7,12,-0.0
3,7,13,-0.0
3,7,14,13.0
3,7,15,14.0
3,7,16,15.0
3,7,17,16.0
3,7,18,17.0
3,7,19,18.0
3,7,20,19.0
3,7,21,20.0
3,7,22,21.0
3,7,23,22.0
3,7,24,23.0
3,7,25,24.0
3,7,26,25.0
3,7,27,26.0
3,7,28,27.0
3,7,29,28.0
3,7,30,29.0
3,7,31,30.0
3,7,32,31.0
3,7,33,32.0
3,7,34,33.0
3,7,35,34.0
3,7,36,35.0
3,7,37,36.0
3,7,38,37.0
3,7,39,37.0
3,7,40,37.0
3,7,41,37.0
3,7,42,37.0
3,7,43,37.0
3,7,44,37.0
3,7,45,37.0
3,7,46,37.0
3,7,47,37.0
3,7,48,37.0
3,7,49,37.0
3,7,50,37.0
3,7,51,37.0
3,7,52,37.0
3,7,53,37.0
3,7,54,37.0
3,7,55,37.0
3,7,56,37.0
3,7,57,37.0
3,7,58,37.0
3,7,59,37.0
3,7,60,37.0
3,7,61,37.0
3,7,62,37.0
3,7,63,37.0
3,7,64,37.0
3,7,65,37.0
3,7,66,37.0
3,7,67,37.0
3,7,68,37.0
3,7,69,-0.0
3,7,70,-0.0
3,7,71,-0.0
3,8,1,0.0
3,8,2,1.0
3,8,3,2.0
3,8,4,3.0
3,8,5,4.0
3,8,6,5.0
3,8,7,6.0
3,8,8,7.0
3,8,9,8.0
3,8,10,9.0
3,8,11,10.0
3,8,12,11.0
3,8,13,12.0
3,8,14,13.0
3,8,15,14.0
3,8,16,15.0
3,8,17,16.0
3,8,18,17.0
3,8,19,17.0
3,8,20,17.0
3,8,21,17.0
3,8,22,17.0
3,8,23,17.0
3,8,24,17.0
3,8,25,17.0
3,8,26,17.0
3,8,27,17.0
3,8,28,17.0
3,8,29,17.0
3,8,30,17.0
3,8,31,17.0
3,8,32,17.0
3,8,33,17.0
3,8,34,17.0
3,8,35,17.0
3,8,36,17.0
3,8,37,17.0
3,8,38,17.0
3,8,39,17.0
3,8,40,17.0
3,8,41,17.0
3,8,42,17.0
3,8,43,17.0
3,8,44,17.0
3,8,45,17.0
3,8,46,17.0
3,8,47,17.0
3,8,48,17.0
3,8,49,17.0
3,8,50,17.0
3,8,51,17.0
3,8,52,-0.0
3,8,53,-0.0
3,8,54,-0.0
3,8,55,-0.0
3,8,56,-0.0
3,8,57,-0.0
3,8,58,-0.0
3,8,59,-0.0
3,8,60,-0.0
3,8,61,-0.0
3,8,62,-0.0
3,8,63,-0.0
3,8,64,-0.0
3,8,65,-0.0
3,8,66,-0.0
3,8,67,-0.0
3,8,68,-0.0
3,8,69,-0.0
3,8,70,-0.0
3,8,71,-0.0
3,9,1,0.0
3,9,2,1.0
3,9,3,2.0
3,9,4,3.0
3,9,5,4.0
3,9,6,5.0
3,9,7,6.0
3,9,8,7.0
3,9,9,8.0
3,9,10,9.0
3,9,11,10.0
3,9,12,11.0
3,9,13,12.0
3,9,14,13.0
3,9,15,14.0
3,9,16,15.0
3,9,17,16.0
3,9,18,17.0
3,9,19,17.0
3,9,20,17.0
3,9,21,17.0
3,9,22,17.0
3,9,23,17.0
3,9,24,17.0
3,9,25,17.0
3,9,26,17.0
3,9,27,17.0
3,9,28,17.0
3,9,29,17.0
3,9,30,17.0
3,9,31,17.0
3,9,32,17.0
3,9,33,17.0
3,9,34,17.0
3,9,35,17.0
3,9,36,17.0
3,9,37,17.0
3,9,38,17.0
3,9,39,17.0
3,9,40,17.0
3,9,41,17.0
3,9,42,17.0
3,9,43,17.0
3,9,44,17.0
3,9,45,17.0
3,9,46,17.0
3,9,47,17.0
3,9,48,17.0
3,9,49,17.0
3,9,50,17.0
3,9,51,17.0
3,9,52,-0.0
3,9,53,-0.0
3,9,54,-0.0
3,9,55,-0.0
3,9,56,-0.0
3,9,57,-0.0
3,9,58,-0.0
3,9,59,-0.0
3,9,60,-0.0
3,9,61,-0.0
3,9,62,-0.0
3,9,63,-0.0
3,9,64,-0.0
3,9,65,-0.0
3,9,66,-0.0
3,9,67,-0.0
3,9,68,-0.0
3,9,69,-0.0
3,9,70,-0.0
3,9,71,-0.0
4,1,1,0.0
4,1,2,1.0
4,1,3,2.0
4,1,4,3.0
4,1,5,4.0
4,1,6,5.0
4,1,7,6.0
4,1,8,7.0
4,1,9,8.0
4,1,10,9.0
4,1,11,10.0
4,1,12,11.0
4,1,13,12.0
4,1,14,13.0
4,1,15,14.0
4,1,16,15.0
4,1,17,15.0
4,1,18,15.0
4,1,19,15.0
4,1,20,15.0
4,1,21,15.0
4,1,22,15.0
4,1,23,15.0
4,1,24,15.0
4,1,25,15.0
4,1,26,15.0
4,1,27,15.0
4,1,28,15.0
4,1,29,15.0
4,1,30,15.0
4,1,31,15.0
4,1,32,15.0
4,1,33,15.0
4,1,34,15.0
4,1,35,-0.0
4,1,36,-0.0
4,1,37,-0.0
4,1,38,-0.0
4,1,39,-0.0
4,1,40,-0.0
4,1,41,-0.0
4,1,42,-0.0
4,1,43,-0.0
4,1,44,-0.0
4,1,45,-0.0
4,1,46,-0.0
4,1,47,-0.0
4,1,48,-0.0
4,1,49,-0.0
4,1,50,-0.0
4,1,51,-0.0
4,10,1,0.0
4,10,2,1.0
4,10,3,2.0
4,10,4,3.0
4,10,5,4.0
4,10,6,5.0
4,10,7,6.0
4,10,8,7.0
4,10,9,8.0
4,10,10,9.0
4,10,11,10.0
4,10,12,10.0
4,10,13,10.0
4,10,14,10.0
4,10,15,10.0
4,10,16,10.0
4,10,17,10.0
4,10,18,10.0
4,10,19,10.0
4,10,20,10.0
4,10,21,10.0
4,10,22,10.0
4,10,23,10.0
4,10,24,10.0
4,10,25,10.0
4,10,26,10.0
4,10,27,10.0
4,10,28,10.0
4,10,29,10.0
4,10,30,10.0
4,10,31,10.0
4,10,32,10.0
4,10,33,10.0
4,10,34,10.0
4,10,35,-0.0
4,10,36,-0.0
4,10,37,-0.0
4,10,38,-0.0
4,10,39,-0.0
4,10,40,-0.0
4,10,41,-0.0
4,10,42,-0.0
4,10,43,-0.0
4,10,44,-0.0
4,10,45,-0.0
4,10,46,-0.0
4,10,47,-0.0
4,10,48,-0.0
4,10,49,-0.0
4,10,50,-0.0
4,10,51,-0.0
4,11,1,0.0
4,11,2,1.0
4,11,3,2.0
4,11,4,3.0
4,11,5,4.0
4,11,6,5.0
4,11,7,6.0
4,11,8,6.0
4,11,9,6.0
4,11,10,6.0
4,11,11,6.0
4,11,12,6.0
4,11,13,6.0
4,11,14,6.0
4,11,15,6.0
4,11,16,6.0
4,11,17,6.0
4,11,18,6.0
4,11,19,6.0
4,11,20,6.0
4,11,21,6.0
4,11,22,6.0
4,11,23,6.0
4,11,24,6.0
4,11,25,6.0
4,11,26,6.0
4,11,27,6.0
4,11,28,6.0
4,11,29,6.0
4,11,30,6.0
4,11,31,6.0
4,11,32,6.0
4,11,33,6.0
4,11,34,6.0
4,11,35,-0.0
4,11,36,-0.0
4,11,37,-0.0
4,11,38,-0.0
4,11,39,-0.0
4,11,40,-0.0
4,11,41,-0.0
4,11,42,-0.0
4,11,43,-0.0
4,11,44,-0.0
4,11,45,-0.0
4,11,46,-0.0
4,11,47,-0.0
4,11,48,-0.0
4,11,49,-0.0
4,11,50,-0.0
4,11,51,-0.0
4,12,1,0.0
4,12,2,1.0
4,12,3,2.0
4,12,4,3.0
4,12,5,4.0
4,12,6,5.0
4,12,7,6.0
4,12,8,7.0
4,12,9,8.0
4,12,10,8.0
4,12,11,8.0
4,12,12,8.0
4,12,13,8.0
4,12,14,8.0
4,12,15,8.0
4,12,16,8.0
4,12,17,8.0
4,12,18,8.0
4,12,19,8.0
4,12,20,8.0
4,12,21,8.0
4,12,22,8.0
4,12,23,8.0
4,12,24,8.0
4,12,25,8.0
4,12,26,8.0
4,12,27,8.0
4,12,28,8.0
4,12,29,8.0
4,12,30,8.0
4,12,31,8.0
4,12,32,8.0
4,12,33,8.0
4,12,34,8.0
4,12,35,-0.0
4,12,36,-0.0
4,12,37,-0.0
4,12,38,-0.0
4,12,39,-0.0
4,12,40,-0.0
4,12,41,-0.0
4,12,42,-0.0
4,12,43,-0.0
4,12,44,-0.0
4,12,45,-0.0
4,12,46,-0.0
4,12,47,-0.0
4,12,48,-0.0
4,12,49,-0.0
4,12,50,-0.0
4,12,51,-0.0
4,13,1,0.0
4,13,2,1.0
4,13,3,2.0
4,13,4,3.0
4,13,5,4.0
4,13,6,5.0
4,13,7,6.0
4,13,8,7.0
4,13,9,8.0
4,13,10,9.0
4,13,11,10.0
4,13,12,11.0
4,13,13,12.0
4,13,14,13.0
4,13,15,14.0
4,13,16,15.0
4,13,17,16.0
4,13,18,17.0
4,13,19,17.0
4,13,20,17.0
4,13,21,17.0
4,13,22,17.0
4,13,23,17.0
4,13,24,17.0
4,13,25,17.0
4,13,26,17.0
4,13,27,17.0
4,13,28,17.0
4,13,29,17.0
4,13,30,17.0
4,13,31,17.0
4,13,32,17.0
4,13,33,17.0
4,13,34,17.0
4,13,35,17.0
4,13,36,17.0
4,13,37,17.0
4,13,38,17.0
4,13,39,17.0
4,13,40,17.0
4,13,41,17.0
4,13,42,17.0
4,13,43,17.0
4,13,44,17.0
4,13,45,17.0
4,13,46,-0.0
4,13,47,-0.0
4,13,48,-0.0
4,13,49,-0.0
4,13,50,-0.0
4,13,51,-0.0
4,14,1,0.0
4,14,2,1.0
4,14,3,2.0
4,14,4,3.0
4,14,5,4.0
4,14,6,5.0
4,14,7,6.0
4,14,8,7.0
4,14,9,8.0
4,14,10,9.0
4,14,11,10.0
4,14,12,11.0
4,14,13,12.0
4,14,14,13.0
4,14,15,14.0
4,14,16,15.0
4,14,17,16.0
4,14,18,17.0
4,14,19,17.0
4,14,20,17.0
4,14,21,17.0
4,14,22,17.0
4,14,23,17.0
4,14,24,17.0
4,14,25,17.0
4,14,26,17.0
4,14,27,17.0
4,14,28,17.0
4,14,29,17.0
4,14,30,17.0
4,14,31,17.0
4,14,32,17.0
4,14,33,17.0
4,14,34,17.0
4,14,35,17.0
4,14,36,17.0
4,14,37,17.0
4,14,38,17.0
4,14,39,17.0
4,14,40,17.0
4,14,41,17.0
4,14,42,17.0
4,14,43,17.0
4,14,44,17.0
4,14,45,17.0
4,14,46,-0.0
4,14,47,-0.0
4,14,48,-0.0
4,14,49,-0.0
4,14,50,-0.0
4,14,51,-0.0
4,15,1,0.0
4,15,2,1.0
4,15,3,2.0
4,15,4,3.0
4,15,5,4.0
4,15,6,5.0
4,15,7,6.0
4,15,8,7.0
4,15,9,8.0
4,15,10,8.0
4,15,11,8.0
4,15,12,8.0
4,15,13,8.0
4,15,14,8.0
4,15,15,8.0
4,15,16,8.0
4,15,17,8.0
4,15,18,8.0
4,15,19,8.0
4,15,20,8.0
4,15,21,8.0
4,15,22,8.0
4,15,23,8.0
4,15,24,8.0
4,15,25,8.0
4,15,26,8.0
4,15,27,8.0
4,15,28,8.0
4,15,29,8.0
4,15,30,8.0
4,15,31,8.0
4,15,32,8.0
4,15,33,8.0
4,15,34,8.0
4,15,35,-0.0
4,15,36,-0.0
4,15,37,-0.0
4,15,38,-0.0
4,15,39,-0.0
4,15,40,-0.0
4,15,41,-0.0
4,15,42,-0.0
4,15,43,-0.0
4,15,44,-0.0
4,15,45,-0.0
4,15,46,-0.0
4,15,47,-0.0
4,15,48,-0.0
4,15,49,-0.0
4,15,50,-0.0
4,15,51,-0.0
4,16,1,0.0
4,16,2,1.0
4,16,3,2.0
4,16,4,3.0
4,16,5,4.0
4,16,6,5.0
4,16,7,6.0
4,16,8,7.0
4,16,9,8.0
4,16,10,8.0
4,16,11,8.0
4,16,12,8.0
4,16,13,8.0
4,16,14,8.0
4,16,15,8.0
4,16,16,8.0
4,16,17,8.0
4,16,18,8.0
4,16,19,8.0
4,16,20,8.0
4,16,21,8.0
4,16,22,8.0
4,16,23,8.0
4,16,24,8.0
4,16,25,8.0
4,16,26,8.0
4,16,27,8.0
4,16,28,8.0
4,16,29,8.0
4,16,30,8.0
4,16,31,8.0
4,16,32,8.0
4,16,33,8.0
4,16,34,8.0
4,16,35,-0.0
4,16,36,-0.0
4,16,37,-0.0
4,16,38,-0.0
4,16,39,-0.0
4,16,40,-0.0
4,16,41,-0.0
4,16,42,-0.0
4,16,43,-0.0
4,16,44,-0.0
4,16,45,-0.0
4,16,46,-0.0
4,16,47,-0.0
4,16,48,-0.0
4,16,49,-0.0
4,16,50,-0.0
4,16,51,-0.0
4,17,1,0.0
4,17,2,1.0
4,17,3,2.0
4,17,4,3.0
4,17,5,4.0
4,17,6,5.0
4,17,7,6.0
4,17,8,7.0
4,17,9,7.0
4,17,10,7.0
4,17,11,7.0
4,17,12,7.0
4,17,13,7.0
4,17,14,7.0
4,17,15,7.0
4,17,16,7.0
4,17,17,7.0
4,17,18,7.0
4,17,19,7.0
4,17,20,7.0
4,17,21,7.0
4,17,22,7.0
4,17,23,7.0
4,17,24,7.0
4,17,25,7.0
4,17,26,7.0
4,17,27,7.0
4,17,28,7.0
4,17,29,7.0
4,17,30,7.0
4,17,31,7.0
4,17,32,7.0
4,17,33,7.0
4,17,34,7.0
4,17,35,-0.0
4,17,36,-0.0
4,17,37,-0.0
4,17,38,-0.0
4,17,39,-0.0
4,17,40,-0.0
4,17,41,-0.0
4,17,42,-0.0
4,17,43,-0.0
4,17,44,-0.0
4,17,45,-0.0
4,17,46,-0.0
4,17,47,-0.0
4,17,48,-0.0
4,17,49,-0.0
4,17,50,-0.0
4,17,51,-0.0
4,18,1,0.0
4,18,2,1.0
4,18,3,2.0
4,18,4,3.0
4,18,5,4.0
4,18,6,5.0
4,18,7,6.0
4,18,8,7.0
4,18,9,7.0
4,18,10,7.0
4,18,11,7.0
4,18,12,7.0
4,18,13,7.0
4,18,14,7.0
4,18,15,7.0
4,18,16,7.0
4,18,17,7.0
4,18,18,7.0
4,18,19,7.0
4,18,20,7.0
4,18,21,7.0
4,18,22,7.0
4,18,23,7.0
4,18,24,7.0
4,18,25,7.0
4,18,26,7.0
4,18,27,7.0
4,18,28,7.0
4,18,29,7.0
4,18,30,7.0
4,18,31,7.0
4,18,32,7.0
4,18,33,7.0
4,18,34,7.0
4,18,35,-0.0
4,18,36,-0.0
4,18,37,-0.0
4,18,38,-0.0
4,18,39,-0.0
4,18,40,-0.0
4,18,41,-0.0
4,18,42,-0.0
4,18,43,-0.0
4,18,44,-0.0
4,18,45,-0.0
4,18,46,-0.0
4,18,47,-0.0
4,18,48,-0.0
4,18,49,-0.0
4,18,50,-0.0
4,18,51,-0.0
4,19,1,0.0
4,19,2,1.0
4,19,3,2.0
4,19,4,3.0
4,19,5,4.0
4,19,6,5.0
4,19,7,6.0
4,19,8,7.0
4,19,9,8.0
4,19,10,9.0
4,19,11,10.0
4,19,12,10.0
4,19,13,10.0
4,19,14,10.0
4,19,15,10.0
4,19,16,10.0
4,19,17,10.0
4,19,18,10.0
4,19,19,10.0
4,19,20,10.0
4,19,21,10.0
4,19,22,10.0
4,19,23,10.0
4,19,24,10.0
4,19,25,10.0
4,19,26,10.0
4,19,27,10.0
4,19,28,10.0
4,19,29,10.0
4,19,30,10.0
4,19,31,10.0
4,19,32,10.0
4,19,33,10.0
4,19,34,10.0
4,19,35,-0.0
4,19,36,-0.0
4,19,37,-0.0
4,19,38,-0.0
4,19,39,-0.0
4,19,40,-0.0
4,19,41,-0.0
4,19,42,-0.0
4,19,43,-0.0
4,19,44,-0.0
4,19,45,-0.0
4,19,46,-0.0
4,19,47,-0.0
4,19,48,-0.0
4,19,49,-0.0
4,19,50,-0.0
4,19,51,-0.0
4,2,1,0.0
4,2,2,1.0
4,2,3,2.0
4,2,4,3.0
4,2,5,4.0
4,2,6,5.0
4,2,7,6.0
4,2,8,7.0
4,2,9,8.0
4,2,10,8.0
4,2,11,8.0
4,2,12,8.0
4,2,13,8.0
4,2,14,8.0
4,2,15,8.0
4,2,16,8.0
4,2,17,8.0
4,2,18,8.0
4,2,19,8.0
4,2,20,8.0
4,2,21,8.0
4,2,22,8.0
4,2,23,8.0
4,2,24,8.0
4,2,25,8.0
4,2,26,8.0
4,2,27,8.0
4,2,28,8.0
4,2,29,8.0
4,2,30,8.0
4,2,31,8.0
4,2,32,8.0
4,2,33,8.0
4,2,34,8.0
4,2,35,-0.0
4,2,36,-0.0
4,2,37,-0.0
4,2,38,-0.0
4,2,39,-0.0
4,2,40,-0.0
4,2,41,-0.0
4,2,42,-0.0
4,2,43,-0.0
4,2,44,-0.0
4,2,45,-0.0
4,2,46,-0.0
4,2,47,-0.0
4,2,48,-0.0
4,2,49,-0.0
4,2,50,-0.0
4,2,51,-0.0
4,20,1,0.0
4,20,2,1.0
4,20,3,2.0
4,20,4,3.0
4,20,5,4.0
4,20,6,5.0
4,20,7,6.0
4,20,8,7.0
4,20,9,8.0
4,20,10,9.0
4,20,11,10.0
4,20,12,11.0
4,20,13,12.0
4,20,14,13.0
4,20,15,14.0
4,20,16,15.0
4,20,17,15.0
4,20,18,15.0
4,20,19,15.0
4,20,20,15.0
4,20,21,15.0
4,20,22,15.0
4,20,23,15.0
4,20,24,15.0
4,20,25,15.0
4,20,26,15.0
4,20,27,15.0
4,20,28,15.0
4,20,29,15.0
4,20,30,15.0
4,20,31,15.0
4,20,32,15.0
4,20,33,15.0
4,20,34,15.0
4,20,35,15.0
4,20,36,15.0
4,20,37,15.0
4,20,38,15.0
4,20,39,15.0
4,20,40,15.0
4,20,41,15.0
4,20,42,15.0
4,20,43,15.0
4,20,44,15.0
4,20,45,15.0
4,20,46,-0.0
4,20,47,-0.0
4,20,48,-0.0
4,20,49,-0.0
4,20,50,-0.0
4,20,51,-0.0
4,21,1,0.0
4,21,2,1.0
4,21,3,2.0
4,21,4,3.0
4,21,5,4.0
4,21,6,5.0
4,21,7,6.0
4,21,8,7.0
4,21,9,8.0
4,21,10,9.0
4,21,11,10.0
4,21,12,11.0
4,21,13,12.0
4,21,14,13.0
4,21,15,14.0
4,21,16,15.0
4,21,17,16.0
4,21,18,17.0
4,21,19,17.0
4,21,20,17.0
4,21,21,17.0
4,21,22,17.0
4,21,23,17.0
4,21,24,17.0
4,21,25,17.0
4,21,26,17.0
4,21,27,17.0
4,21,28,17.0
4,21,29,17.0
4,21,30,17.0
4,21,31,17.0
4,21,32,17.0
4,21,33,17.0
4,21,34,17.0
4,21,35,17.0
4,21,36,17.0
4,21,37,17.0
4,21,38,17.0
4,21,39,17.0
4,21,40,17.0
4,21,41,17.0
4,21,42,17.0
4,21,43,17.0
4,21,44,17.0
4,21,45,17.0
4,21,46,-0.0
4,21,47,-0.0
4,21,48,-0.0
4,21,49,-0.0
4,21,50,-0.0
4,21,51,-0.0
4,3,1,0.0
4,3,2,1.0
4,3,3,2.0
4,3,4,3.0
4,3,5,4.0
4,3,6,5.0
4,3,7,6.0
4,3,8,7.0
4,3,9,8.0
4,3,10,9.0
4,3,11,9.0
4,3,12,9.0
4,3,13,9.0
4,3,14,9.0
4,3,15,9.0
4,3,16,9.0
4,3,17,9.0
4,3,18,9.0
4,3,19,9.0
4,3,20,9.0
4,3,21,9.0
4,3,22,9.0
4,3,23,9.0
4,3,24,9.0
4,3,25,9.0
4,3,26,9.0
4,3,27,9.0
4,3,28,9.0
4,3,29,9.0
4,3,30,9.0
4,3,31,9.0
4,3,32,9.0
4,3,33,9.0
4,3,34,9.0
4,3,35,-0.0
4,3,36,-0.0
4,3,37,-0.0
4,3,38,-0.0
4,3,39,-0.0
4,3,40,-0.0
4,3,41,-0.0
4,3,42,-0.0
4,3,43,-0.0
4,3,44,-0.0
4,3,45,-0.0
4,3,46,-0.0
4,3,47,-0.0
4,3,48,-0.0
4,3,49,-0.0
4,3,50,-0.0
4,3,51,-0.0
4,4,1,0.0
4,4,2,1.0
4,4,3,2.0
4,4,4,3.0
4,4,5,4.0
4,4,6,5.0
4,4,7,6.0
4,4,8,7.0
4,4,9,7.0
4,4,10,7.0
4,4,11,7.0
4,4,12,7.0
4,4,13,7.0
4,4,14,7.0
4,4,15,7.0
4,4,16,7.0
4,4,17,7.0
4,4,18,7.0
4,4,19,7.0
4,4,20,7.0
4,4,21,7.0
4,4,22,7.0
4,4,23,7.0
4,4,24,7.0
4,4,25,7.0
4,4,26,7.0
4,4,27,7.0
4,4,28,7.0
4,4,29,7.0
4,4,30,7.0
4,4,31,7.0
4,4,32,7.0
4,4,33,7.0
4,4,34,7.0
4,4,35,-0.0
4,4,36,-0.0
4,4,37,-0.0
4,4,38,-0.0
4,4,39,-0.0
4,4,40,-0.0
4,4,41,-0.0
4,4,42,-0.0
4,4,43,-0.0
4,4,44,-0.0
4,4,45,-0.0
4,4,46,-0.0
4,4,47,-0.0
4,4,48,-0.0
4,4,49,-0.0
4,4,50,-0.0
4,4,51,-0.0
4,5,1,0.0
4,5,2,1.0
4,5,3,2.0
4,5,4,3.0
4,5,5,4.0
4,5,6,5.0
4,5,7,6.0
4,5,8,7.0
4,5,9,7.0
4,5,10,7.0
4,5,11,7.0
4,5,12,7.0
4,5,13,7.0
4,5,14,7.0
4,5,15,7.0
4,5,16,7.0
4,5,17,7.0
4,5,18,7.0
4,5,19,7.0
4,5,20,7.0
4,5,21,7.0
4,5,22,7.0
4,5,23,7.0
4,5,24,7.0
4,5,25,7.0
4,5,26,7.0
4,5,27,7.0
4,5,28,7.0
4,5,29,7.0
4,5,30,7.0
4,5,31,7.0
4,5,32,7.0
4,5,33,7.0
4,5,34,7.0
4,5,35,-0.0
4,5,36,-0.0
4,5,37,-0.0
4,5,38,-0.0
4,5,39,-0.0
4,5,40,-0.0
4,5,41,-0.0
4,5,42,-0.0
4,5,43,-0.0
4,5,44,-0.0
4,5,45,-0.0
4,5,46,-0.0
4,5,47,-0.0
4,5,48,-0.0
4,5,49,-0.0
4,5,50,-0.0
4,5,51,-0.0
4,6,1,0.0
4,6,2,1.0
4,6,3,2.0
4,6,4,3.0
4,6,5,4.0
4,6,6,5.0
4,6,7,6.0
4,6,8,7.0
4,6,9,8.0
4,6,10,9.0
4,6,11,10.0
4,6,12,11.0
4,6,13,12.0
4,6,14,13.0
4,6,15,14.0
4,6,16,14.0
4,6,17,14.0
4,6,18,14.0
4,6,19,14.0
4,6,20,14.0
4,6,21,14.0
4,6,22,14.0
4,6,23,14.0
4,6,24,14.0
4,6,25,14.0
4,6,26,14.0
4,6,27,14.0
4,6,28,14.0
4,6,29,14.0
4,6,30,14.0
4,6,31,14.0
4,6,32,14.0
4,6,33,14.0
4,6,34,14.0
4,6,35,14.0
4,6,36,14.0
4,6,37,14.0
4,6,38,14.0
4,6,39,14.0
4,6,40,14.0
4,6,41,14.0
4,6,42,14.0
4,6,43,14.0
4,6,44,14.0
4,6,45,14.0
4,6,46,-0.0
4,6,47,-0.0
4,6,48,-0.0
4,6,49,-0.0
4,6,50,-0.0
4,6,51,-0.0
4,7,1,0.0
4,7,2,1.0
4,7,3,2.0
4,7,4,3.0
4,7,5,4.0
4,7,6,5.0
4,7,7,6.0
4,7,8,7.0
4,7,9,8.0
4,7,10,9.0
4,7,11,10.0
4,7,12,11.0
4,7,13,12.0
4,7,14,13.0
4,7,15,14.0
4,7,16,15.0
4,7,17,16.0
4,7,18,16.0
4,7,19,16.0
4,7,20,16.0
4,7,21,16.0
4,7,22,16.0
4,7,23,16.0
4,7,24,16.0
4,7,25,16.0
4,7,26,16.0
4,7,27,16.0
4,7,28,16.0
4,7,29,16.0
4,7,30,16.0
4,7,31,16.0
4,7,32,16.0
4,7,33,16.0
4,7,34,16.0
4,7,35,16.0
4,7,36,16.0
4,7,37,16.0
4,7,38,16.0
4,7,39,16.0
4,7,40,16.0
4,7,41,16.0
4,7,42,16.0
4,7,43,16.0
4,7,44,16.0
4,7,45,16.0
4,7,46,-0.0
4,7,47,-0.0
4,7,48,-0.0
4,7,49,-0.0
4,7,50,-0.0
4,7,51,-0.0
4,8,1,0.0
4,8,2,1.0
4,8,3,2.0
4,8,4,3.0
4,8,5,4.0
4,8,6,5.0
4,8,7,6.0
4,8,8,7.0
4,8,9,7.0
4,8,10,7.0
4,8,11,7.0
4,8,12,7.0
4,8,13,7.0
4,8,14,7.0
4,8,15,7.0
4,8,16,7.0
4,8,17,7.0
4,8,18,7.0
4,8,19,7.0
4,8,20,7.0
4,8,21,7.0
4,8,22,7.0
4,8,23,7.0
4,8,24,7.0
4,8,25,7.0
4,8,26,7.0
4,8,27,7.0
4,8,28,7.0
4,8,29,7.0
4,8,30,7.0
4,8,31,7.0
4,8,32,7.0
4,8,33,7.0
4,8,34,7.0
4,8,35,-0.0
4,8,36,-0.0
4,8,37,-0.0
4,8,38,-0.0
4,8,39,-0.0
4,8,40,-0.0
4,8,41,-0.0
4,8,42,-0.0
4,8,43,-0.0
4,8,44,-0.0
4,8,45,-0.0
4,8,46,-0.0
4,8,47,-0.0
4,8,48,-0.0
4,8,49,-0.0
4,8,50,-0.0
4,8,51,-0.0
4,9,1,0.0
4,9,2,1.0
4,9,3,2.0
4,9,4,3.0
4,9,5,4.0
4,9,6,5.0
4,9,7,6.0
4,9,8,7.0
4,9,9,7.0
4,9,10,7.0
4,9,11,7.0
4,9,12,7.0
4,9,13,7.0
4,9,14,7.0
4,9,15,7.0
4,9,16,7.0
4,9,17,7.0
4,9,18,7.0
4,9,19,7.0
4,9,20,7.0
4,9,21,7.0
4,9,22,7.0
4,9,23,7.0
4,9,24,7.0
4,9,25,7.0
4,9,26,7.0
4,9,27,7.0
4,9,28,7.0
4,9,29,7.0
4,9,30,7.0
4,9,31,7.0
4,9,32,7.0
4,9,33,7.0
4,9,34,7.0
4,9,35,-0.0
4,9,36,-0.0
4,9,37,-0.0
4,9,38,-0.0
4,9,39,-0.0
4,9,40,-0.0
4,9,41,-0.0
4,9,42,-0.0
4,9,43,-0.0
4,9,44,-0.0
4,9,45,-0.0
4,9,46,-0.0
4,9,47,-0.0
4,9,48,-0.0
4,9,49,-0.0
4,9,50,-0.0
4,9,51,-0.0
5,1,1,0.0
5,1,2,1.0
5,1,3,2.0
5,1,4,3.0
5,1,5,4.0
5,1,6,5.0
5,1,7,6.0
5,1,8,7.0
5,1,9,8.0
5,1,10,9.0
5,1,11,10.0
5,1,12,11.0
5,1,13,12.0
5,1,14,13.0
5,1,15,14.0
5,1,16,15.0
5,1,17,16.0
5,1,18,17.0
5,1,19,18.0
5,1,20,19.0
5,1,21,20.0
5,1,22,21.0
5,1,23,22.0
5,1,24,23.0
5,1,25,24.0
5,1,26,-0.0
5,1,27,-0.0
5,1,28,-0.0
5,1,29,-0.0
5,1,30,-0.0
5,1,31,-0.0
5,1,32,-0.0
5,1,33,-0.0
5,1,34,-0.0
5,1,35,-0.0
5,1,36,-0.0
5,1,37,-0.0
5,1,38,-0.0
5,1,39,-0.0
5,1,40,-0.0
5,1,41,-0.0
5,10,1,0.0
5,10,2,1.0
5,10,3,2.0
5,10,4,3.0
5,10,5,4.0
5,10,6,5.0
5,10,7,6.0
5,10,8,7.0
5,10,9,8.0
5,10,10,9.0
5,10,11,9.0
5,10,12,9.0
5,10,13,9.0
5,10,14,9.0
5,10,15,9.0
5,10,16,9.0
5,10,17,9.0
5,10,18,9.0
5,10,19,9.0
5,10,20,9.0
5,10,21,9.0
5,10,22,9.0
5,10,23,9.0
5,10,24,9.0
5,10,25,9.0
5,10,26,9.0
5,10,27,9.0
5,10,28,9.0
5,10,29,9.0
5,10,30,9.0
5,10,31,-0.0
5,10,32,-0.0
5,10,33,-0.0
5,10,34,-0.0
5,10,35,-0.0
5,10,36,-0.0
5,10,37,-0.0
5,10,38,-0.0
5,10,39,-0.0
5,10,40,-0.0
5,10,41,-0.0
5,11,1,0.0
5,11,2,1.0
5,11,3,2.0
5,11,4,3.0
5,11,5,4.0
5,11,6,5.0
5,11,7,6.0
5,11,8,7.0
5,11,9,8.0
5,11,10,9.0
5,11,11,10.0
5,11,12,11.0
5,11,13,12.0
5,11,14,13.0
5,11,15,14.0
5,11,16,15.0
5,11,17,16.0
5,11,18,17.0
5,11,19,18.0
5,11,20,19.0
5,11,21,20.0
5,11,22,21.0
5,11,23,22.0
5,11,24,22.0
5,11,25,22.0
5,11,26,22.0
5,11,27,22.0
5,11,28,22.0
5,11,29,22.0
5,11,30,22.0
5,11,31,-0.0
5,11,32,-0.0
5,11,33,-0.0
5,11,34,-0.0
5,11,35,-0.0
5,11,36,-0.0
5,11,37,-0.0
5,11,38,-0.0
5,11,39,-0.0
5,11,40,-0.0
5,11,41,-0.0
5,12,1,0.0
5,12,2,1.0
5,12,3,2.0
5,12,4,3.0
5,12,5,4.0
5,12,6,5.0
5,12,7,6.0
5,12,8,7.0
5,12,9,8.0
5,12,10,9.0
5,12,11,10.0
5,12,12,11.0
5,12,13,12.0
5,12,14,13.0
5,12,15,14.0
5,12,16,15.0
5,12,17,16.0
5,12,18,17.0
5,12,19,18.0
5,12,20,19.0
5,12,21,20.0
5,12,22,21.0
5,12,23,22.0
5,12,24,23.0
5,12,25,24.0
5,12,26,25.0
5,12,27,26.0
5,12,28,27.0
5,12,29,28.0
5,12,30,29.0
5,12,31,-0.0
5,12,32,-0.0
5,12,33,-0.0
5,12,34,-0.0
5,12,35,-0.0
5,12,36,-0.0
5,12,37,-0.0
5,12,38,-0.0
5,12,39,-0.0
5,12,40,-0.0
5,12,41,-0.0
5,13,1,0.0
5,13,2,1.0
5,13,3,2.0
5,13,4,3.0
5,13,5,4.0
5,13,6,5.0
5,13,7,6.0
5,13,8,7.0
5,13,9,8.0
5,13,10,9.0
5,13,11,10.0
5,13,12,11.0
5,13,13,12.0
5,13,14,13.0
5,13,15,14.0
5,13,16,15.0
5,13,17,16.0
5,13,18,17.0
5,13,19,18.0
5,13,20,19.0
5,13,21,20.0
5,13,22,21.0
5,13,23,21.0
5,13,24,21.0
5,13,25,21.0
5,13,26,21.0
5,13,27,21.0
5,13,28,21.0
5,13,29,21.0
5,13,30,21.0
5,13,31,21.0
5,13,32,21.0
5,13,33,21.0
5,13,34,21.0
5,13,35,21.0
5,13,36,21.0
5,13,37,21.0
5,13,38,21.0
5,13,39,-0.0
5,13,40,-0.0
5,13,41,-0.0
5,14,1,0.0
5,14,2,1.0
5,14,3,2.0
5,14,4,3.0
5,14,5,4.0
5,14,6,5.0
5,14,7,6.0
5,14,8,7.0
5,14,9,8.0
5,14,10,9.0
5,14,11,10.0
5,14,12,11.0
5,14,13,12.0
5,14,14,13.0
5,14,15,14.0
5,14,16,15.0
5,14,17,15.0
5,14,18,15.0
5,14,19,15.0
5,14,20,15.0
5,14,21,15.0
5,14,22,15.0
5,14,23,15.0
5,14,24,15.0
5,14,25,15.0
5,14,26,15.0
5,14,27,15.0
5,14,28,15.0
5,14,29,15.0
5,14,30,15.0
5,14,31,15.0
5,14,32,15.0
5,14,33,15.0
5,14,34,15.0
5,14,35,15.0
5,14,36,15.0
5,14,37,15.0
5,14,38,15.0
5,14,39,-0.0
5,14,40,-0.0
5,14,41,-0.0
5,15,1,0.0
5,15,2,1.0
5,15,3,2.0
5,15,4,3.0
5,15,5,4.0
5,15,6,5.0
5,15,7,6.0
5,15,8,7.0
5,15,9,8.0
5,15,10,9.0
5,15,11,9.0
5,15,12,9.0
5,15,13,9.0
5,15,14,9.0
5,15,15,9.0
5,15,16,9.0
5,15,17,9.0
5,15,18,9.0
5,15,19,9.0
5,15,20,9.0
5,15,21,9.0
5,15,22,9.0
5,15,23,9.0
5,15,24,9.0
5,15,25,9.0
5,15,26,9.0
5,15,27,9.0
5,15,28,9.0
5,15,29,9.0
5,15,30,9.0
5,15,31,-0.0
5,15,32,-0.0
5,15,33,-0.0
5,15,34,-0.0
5,15,35,-0.0
5,15,36,-0.0
5,15,37,-0.0
5,15,38,-0.0
5,15,39,-0.0
5,15,40,-0.0
5,15,41,-0.0
5,16,1,0.0
5,16,2,1.0
5,16,3,2.0
5,16,4,3.0
5,16,5,4.0
5,16,6,5.0
5,16,7,6.0
5,16,8,7.0
5,16,9,8.0
5,16,10,9.0
5,16,11,10.0
5,16,12,11.0
5,16,13,12.0
5,16,14,13.0
5,16,15,14.0
5,16,16,15.0
5,16,17,15.0
5,16,18,15.0
5,16,19,15.0
5,16,20,15.0
5,16,21,15.0
5,16,22,15.0
5,16,23,15.0
5,16,24,15.0
5,16,25,15.0
5,16,26,15.0
5,16,27,15.0
5,16,28,15.0
5,16,29,15.0
5,16,30,15.0
5,16,31,-0.0
5,16,32,-0.0
5,16,33,-0.0
5,16,34,-0.0
5,16,35,-0.0
5,16,36,-0.0
5,16,37,-0.0
5,16,38,-0.0
5,16,39,-0.0
5,16,40,-0.0
5,16,41,-0.0
5,17,1,0.0
5,17,2,1.0
5,17,3,2.0
5,17,4,3.0
5,17,5,4.0
5,17,6,5.0
5,17,7,6.0
5,17,8,7.0
5,17,9,8.0
5,17,10,9.0
5,17,11,9.0
5,17,12,9.0
5,17,13,9.0
5,17,14,9.0
5,17,15,9.0
5,17,16,9.0
5,17,17,9.0
5,17,18,9.0
5,17,19,9.0
5,17,20,9.0
5,17,21,9.0
5,17,22,9.0
5,17,23,9.0
5,17,24,9.0
5,17,25,9.0
5,17,26,9.0
5,17,27,9.0
5,17,28,9.0
5,17,29,9.0
5,17,30,9.0
5,17,31,-0.0
5,17,32,-0.0
5,17,33,-0.0
5,17,34,-0.0
5,17,35,-0.0
5,17,36,-0.0
5,17,37,-0.0
5,17,38,-0.0
5,17,39,-0.0
5,17,40,-0.0
5,17,41,-0.0
5,18,1,0.0
5,18,2,0.0
5,18,3,0.0
5,18,4,0.0
5,18,5,0.0
5,18,6,0.0
5,18,7,0.0
5,18,8,0.0
5,18,9,0.0
5,18,10,0.0
5,18,11,0.0
5,18,12,0.0
5,18,13,0.0
5,18,14,0.0
5,18,15,0.0
5,18,16,0.0
5,18,17,0.0
5,18,18,0.0
5,18,19,0.0
5,18,20,0.0
5,18,21,0.0
5,18,22,0.0
5,18,23,0.0
5,18,24,0.0
5,18,25,0.0
5,18,26,0.0
5,18,27,0.0
5,18,28,0.0
5,18,29,0.0
5,18,30,0.0
5,18,31,-0.0
5,18,32,-0.0
5,18,33,-0.0
5,18,34,-0.0
5,18,35,-0.0
5,18,36,-0.0
5,18,37,-0.0
5,18,38,-0.0
5,18,39,-0.0
5,18,40,-0.0
5,18,41,-0.0
5,19,1,0.0
5,19,2,1.0
5,19,3,2.0
5,19,4,3.0
5,19,5,4.0
5,19,6,5.0
5,19,7,6.0
5,19,8,7.0
5,19,9,8.0
5,19,10,9.0
5,19,11,10.0
5,19,12,11.0
5,19,13,12.0
5,19,14,13.0
5,19,15,14.0
5,19,16,15.0
5,19,17,16.0
5,19,18,17.0
5,19,19,18.0
5,19,20,19.0
5,19,21,20.0
5,19,22,21.0
5,19,23,22.0
5,19,24,23.0
5,19,25,24.0
5,19,26,24.0
5,19,27,24.0
5,19,28,24.0
5,19,29,24.0
5,19,30,24.0
5,19,31,-0.0
5,19,32,-0.0
5,19,33,-0.0
5,19,34,-0.0
5,19,35,-0.0
5,19,36,-0.0
5,19,37,-0.0
5,19,38,-0.0
5,19,39,-0.0
5,19,40,-0.0
5,19,41,-0.0
5,2,1,0.0
5,2,2,1.0
5,2,3,2.0
5,2,4,3.0
5,2,5,4.0
5,2,6,5.0
5,2,7,6.0
5,2,8,7.0
5,2,9,8.0
5,2,10,9.0
5,2,11,10.0
5,2,12,11.0
5,2,13,12.0
5,2,14,13.0
5,2,15,14.0
5,2,16,15.0
5,2,17,16.0
5,2,18,17.0
5,2,19,18.0
5,2,20,19.0
5,2,21,20.0
5,2,22,21.0
5,2,23,22.0
5,2,24,23.0
5,2,25,24.0
5,2,26,-0.0
5,2,27,-0.0
5,2,28,-0.0
5,2,29,-0.0
5,2,30,-0.0
5,2,31,-0.0
5,2,32,-0.0
5,2,33,-0.0
5,2,34,-0.0
5,2,35,-0.0
5,2,36,-0.0
5,2,37,-0.0
5,2,38,-0.0
5,2,39,-0.0
5,2,40,-0.0
5,2,41,-0.0
5,20,1,0.0
5,20,2,1.0
5,20,3,2.0
5,20,4,3.0
5,20,5,4.0
5,20,6,5.0
5,20,7,6.0
5,20,8,7.0
5,20,9,8.0
5,20,10,9.0
5,20,11,10.0
5,20,12,11.0
5,20,13,12.0
5,20,14,13.0
5,20,15,13.0
5,20,16,13.0
5,20,17,13.0
5,20,18,13.0
5,20,19,13.0
5,20,20,13.0
5,20,21,13.0
5,20,22,13.0
5,20,23,13.0
5,20,24,13.0
5,20,25,13.0
5,20,26,13.0
5,20,27,13.0
5,20,28,13.0
5,20,29,13.0
5,20,30,13.0
5,20,31,13.0
5,20,32,13.0
5,20,33,13.0
5,20,34,13.0
5,20,35,13.0
5,20,36,13.0
5,20,37,13.0
5,20,38,13.0
5,20,39,-0.0
5,20,40,-0.0
5,20,41,-0.0
5,21,1,0.0
5,21,2,1.0
5,21,3,2.0
5,21,4,3.0
5,21,5,4.0
5,21,6,5.0
5,21,7,6.0
5,21,8,7.0
5,21,9,8.0
5,21,10,9.0
5,21,11,10.0
5,21,12,11.0
5,21,13,12.0
5,21,14,13.0
5,21,15,14.0
5,21,16,14.0
5,21,17,14.0
5,21,18,14.0
5,21,19,14.0
5,21,20,14.0
5,21,21,14.0
5,21,22,14.0
5,21,23,14.0
5,21,24,14.0
5,21,25,14.0
5,21,26,14.0
5,21,27,14.0
5,21,28,14.0
5,21,29,14.0
5,21,30,14.0
5,21,31,14.0
5,21,32,14.0
5,21,33,14.0
5,21,34,14.0
5,21,35,14.0
5,21,36,14.0
5,21,37,14.0
5,21,38,14.0
5,21,39,-0.0
5,21,40,-0.0
5,21,41,-0.0
5,3,1,0.0
5,3,2,1.0
5,3,3,2.0
5,3,4,3.0
5,3,5,4.0
5,3,6,5.0
5,3,7,6.0
5,3,8,7.0
5,3,9,8.0
5,3,10,9.0
5,3,11,10.0
5,3,12,11.0
5,3,13,12.0
5,3,14,13.0
5,3,15,14.0
5,3,16,15.0
5,3,17,16.0
5,3,18,16.0
5,3,19,16.0
5,3,20,16.0
5,3,21,16.0
5,3,22,16.0
5,3,23,16.0
5,3,24,16.0
5,3,25,16.0
5,3,26,16.0
5,3,27,16.0
5,3,28,16.0
5,3,29,16.0
5,3,30,16.0
5,3,31,-0.0
5,3,32,-0.0
5,3,33,-0.0
5,3,34,-0.0
5,3,35,-0.0
5,3,36,-0.0
5,3,37,-0.0
5,3,38,-0.0
5,3,39,-0.0
5,3,40,-0.0
5,3,41,-0.0
5,4,1,0.0
5,4,2,1.0
5,4,3,2.0
5,4,4,3.0
5,4,5,3.0
5,4,6,3.0
5,4,7,3.0
5,4,8,3.0
5,4,9,3.0
5,4,10,3.0
5,4,11,3.0
5,4,12,3.0
5,4,13,3.0
5,4,14,3.0
5,4,15,3.0
5,4,16,3.0
5,4,17,3.0
5,4,18,3.0
5,4,19,3.0
5,4,20,3.0
5,4,21,3.0
5,4,22,3.0
5,4,23,3.0
5,4,24,3.0
5,4,25,3.0
5,4,26,3.0
5,4,27,3.0
5,4,28,3.0
5,4,29,3.0
5,4,30,3.0
5,4,31,-0.0
5,4,32,-0.0
5,4,33,-0.0
5,4,34,-0.0
5,4,35,-0.0
5,4,36,-0.0
5,4,37,-0.0
5,4,38,-0.0
5,4,39,-0.0
5,4,40,-0.0
5,4,41,-0.0
5,5,1,0.0
5,5,2,1.0
5,5,3,2.0
5,5,4,3.0
5,5,5,4.0
5,5,6,5.0
5,5,7,6.0
5,5,8,7.0
5,5,9,8.0
5,5,10,9.0
5,5,11,10.0
5,5,12,11.0
5,5,13,12.0
5,5,14,13.0
5,5,15,14.0
5,5,16,15.0
5,5,17,16.0
5,5,18,17.0
5,5,19,18.0
5,5,20,18.0
5,5,21,18.0
5,5,22,18.0
5,5,23,18.0
5,5,24,18.0
5,5,25,18.0
5,5,26,18.0
5,5,27,18.0
5,5,28,18.0
5,5,29,18.0
5,5,30,18.0
5,5,31,-0.0
5,5,32,-0.0
5,5,33,-0.0
5,5,34,-0.0
5,5,35,-0.0
5,5,36,-0.0
5,5,37,-0.0
5,5,38,-0.0
5,5,39,-0.0
5,5,40,-0.0
5,5,41,-0.0
5,6,1,0.0
5,6,2,1.0
5,6,3,2.0
5,6,4,3.0
5,6,5,4.0
5,6,6,5.0
5,6,7,6.0
5,6,8,7.0
5,6,9,8.0
5,6,10,9.0
5,6,11,10.0
5,6,12,11.0
5,6,13,12.0
5,6,14,13.0
5,6,15,13.0
5,6,16,13.0
5,6,17,13.0
5,6,18,13.0
5,6,19,13.0
5,6,20,13.0
5,6,21,13.0
5,6,22,13.0
5,6,23,13.0
5,6,24,13.0
5,6,25,13.0
5,6,26,13.0
5,6,27,13.0
5,6,28,13.0
5,6,29,13.0
5,6,30,13.0
5,6,31,13.0
5,6,32,13.0
5,6,33,13.0
5,6,34,13.0
5,6,35,13.0
5,6,36,13.0
5,6,37,13.0
5,6,38,13.0
5,6,39,-0.0
5,6,40,-0.0
5,6,41,-0.0
5,7,1,0.0
5,7,2,1.0
5,7,3,2.0
5,7,4,3.0
5,7,5,4.0
5,7,6,5.0
5,7,7,6.0
5,7,8,7.0
5,7,9,8.0
5,7,10,9.0
5,7,11,10.0
5,7,12,11.0
5,7,13,12.0
5,7,14,13.0
5,7,15,14.0
5,7,16,15.0
5,7,17,16.0
5,7,18,16.0
5,7,19,16.0
5,7,20,16.0
5,7,21,16.0
5,7,22,16.0
5,7,23,16.0
5,7,24,16.0
5,7,25,16.0
5,7,26,16.0
5,7,27,16.0
5,7,28,16.0
5,7,29,16.0
5,7,30,16.0
5,7,31,16.0
5,7,32,16.0
5,7,33,16.0
5,7,34,16.0
5,7,35,16.0
5,7,36,16.0
5,7,37,16.0
5,7,38,16.0
5,7,39,-0.0
5,7,40,-0.0
5,7,41,-0.0
5,8,1,0.0
5,8,2,1.0
5,8,3,2.0
5,8,4,3.0
5,8,5,4.0
5,8,6,5.0
5,8,7,6.0
5,8,8,6.0
5,8,9,6.0
5,8,10,6.0
5,8,11,6.0
5,8,12,6.0
5,8,13,6.0
5,8,14,6.0
5,8,15,6.0
5,8,16,6.0
5,8,17,6.0
5,8,18,6.0
5,8,19,6.0
5,8,20,6.0
5,8,21,6.0
5,8,22,6.0
5,8,23,6.0
5,8,24,6.0
5,8,25,6.0
5,8,26,6.0
5,8,27,6.0
5,8,28,6.0
5,8,29,6.0
5,8,30,6.0
5,8,31,-0.0
5,8,32,-0.0
5,8,33,-0.0
5,8,34,-0.0
5,8,35,-0.0
5,8,36,-0.0
5,8,37,-0.0
5,8,38,-0.0
5,8,39,-0.0
5,8,40,-0.0
5,8,41,-0.0
5,9,1,0.0
5,9,2,1.0
5,9,3,2.0
5,9,4,3.0
5,9,5,4.0
5,9,6,4.0
5,9,7,4.0
5,9,8,4.0
5,9,9,4.0
5,9,10,4.0
5,9,11,4.0
5,9,12,4.0
5,9,13,4.0
5,9,14,4.0
5,9,15,4.0
5,9,16,4.0
5,9,17,4.0
5,9,18,4.0
5,9,19,4.0
5,9,20,4.0
5,9,21,4.0
5,9,22,4.0
5,9,23,4.0
5,9,24,4.0
5,9,25,4.0
5,9,26,4.0
5,9,27,4.0
5,9,28,4.0
5,9,29,4.0
5,9,30,4.0
5,9,31,-0.0
5,9,32,-0.0
5,9,33,-0.0
5,9,34,-0.0
5,9,35,-0.0
5,9,36,-0.0
5,9,37,-0.0
5,9,38,-0.0
5,9,39,-0.0
5,9,40,-0.0
5,9,41,-0.0
6,1,1,0.0
6,1,2,1.0
6,1,3,2.0
6,1,4,3.0
6,1,5,4.0
6,1,6,5.0
6,1,7,6.0
6,1,8,7.0
6,1,9,8.0
6,1,10,9.0
6,1,11,10.0
6,1,12,11.0
6,1,13,12.0
6,1,14,-0.0
6,1,15,-0.0
6,1,16,-0.0
6,1,17,-0.0
6,1,18,-0.0
6,1,19,-0.0
6,1,20,-0.0
6,1,21,-0.0
6,10,1,0.0
6,10,2,1.0
6,10,3,2.0
6,10,4,3.0
6,10,5,4.0
6,10,6,5.0
6,10,7,6.0
6,10,8,7.0
6,10,9,8.0
6,10,10,9.0
6,10,11,10.0
6,10,12,11.0
6,10,13,12.0
6,10,14,-0.0
6,10,15,-0.0
6,10,16,-0.0
6,10,17,-0.0
6,10,18,-0.0
6,10,19,-0.0
6,10,20,-0.0
6,10,21,-0.0
6,11,1,0.0
6,11,2,1.0
6,11,3,2.0
6,11,4,3.0
6,11,5,4.0
6,11,6,5.0
6,11,7,6.0
6,11,8,7.0
6,11,9,8.0
6,11,10,9.0
6,11,11,10.0
6,11,12,11.0
6,11,13,12.0
6,11,14,-0.0
6,11,15,-0.0
6,11,16,-0.0
6,11,17,-0.0
6,11,18,-0.0
6,11,19,-0.0
6,11,20,-0.0
6,11,21,-0.0
6,12,1,0.0
6,12,2,1.0
6,12,3,2.0
6,12,4,3.0
6,12,5,4.0
6,12,6,5.0
6,12,7,6.0
6,12,8,7.0
6,12,9,8.0
6,12,10,9.0
6,12,11,10.0
6,12,12,11.0
6,12,13,12.0
6,12,14,-0.0
6,12,15,-0.0
6,12,16,-0.0
6,12,17,-0.0
6,12,18,-0.0
6,12,19,-0.0
6,12,20,-0.0
6,12,21,-0.0
6,13,1,0.0
6,13,2,1.0
6,13,3,2.0
6,13,4,3.0
6,13,5,4.0
6,13,6,5.0
6,13,7,6.0
6,13,8,7.0
6,13,9,8.0
6,13,10,9.0
6,13,11,10.0
6,13,12,11.0
6,13,13,12.0
6,13,14,13.0
6,13,15,14.0
6,13,16,15.0
6,13,17,16.0
6,13,18,-0.0
6,13,19,-0.0
6,13,20,-0.0
6,13,21,-0.0
6,14,1,0.0
6,14,2,1.0
6,14,3,2.0
6,14,4,3.0
6,14,5,4.0
6,14,6,5.0
6,14,7,6.0
6,14,8,7.0
6,14,9,8.0
6,14,10,9.0
6,14,11,10.0
6,14,12,11.0
6,14,13,12.0
6,14,14,13.0
6,14,15,14.0
6,14,16,15.0
6,14,17,16.0
6,14,18,-0.0
6,14,19,-0.0
6,14,20,-0.0
6,14,21,-0.0
6,15,1,0.0
6,15,2,1.0
6,15,3,2.0
6,15,4,3.0
6,15,5,4.0
6,15,6,5.0
6,15,7,6.0
6,15,8,7.0
6,15,9,8.0
6,15,10,9.0
6,15,11,10.0
6,15,12,11.0
6,15,13,12.0
6,15,14,-0.0
6,15,15,-0.0
6,15,16,-0.0
6,15,17,-0.0
6,15,18,-0.0
6,15,19,-0.0
6,15,20,-0.0
6,15,21,-0.0
6,16,1,0.0
6,16,2,1.0
6,16,3,2.0
6,16,4,3.0
6,16,5,4.0
6,16,6,5.0
6,16,7,6.0
6,16,8,7.0
6,16,9,8.0
6,16,10,9.0
6,16,11,10.0
6,16,12,11.0
6,16,13,12.0
6,16,14,-0.0
6,16,15,-0.0
6,16,16,-0.0
6,16,17,-0.0
6,16,18,-0.0
6,16,19,-0.0
6,16,20,-0.0
6,16,21,-0.0
6,17,1,0.0
6,17,2,1.0
6,17,3,2.0
6,17,4,3.0
6,17,5,4.0
6,17,6,5.0
6,17,7,6.0
6,17,8,7.0
6,17,9,8.0
6,17,10,9.0
6,17,11,10.0
6,17,12,11.0
6,17,13,12.0
6,17,14,-0.0
6,17,15,-0.0
6,17,16,-0.0
6,17,17,-0.0
6,17,18,-0.0
6,17,19,-0.0
6,17,20,-0.0
6,17,21,-0.0
6,18,1,0.0
6,18,2,1.0
6,18,3,2.0
6,18,4,3.0
6,18,5,4.0
6,18,6,5.0
6,18,7,6.0
6,18,8,7.0
6,18,9,8.0
6,18,10,9.0
6,18,11,10.0
6,18,12,11.0
6,18,13,12.0
6,18,14,-0.0
6,18,15,-0.0
6,18,16,-0.0
6,18,17,-0.0
6,18,18,-0.0
6,18,19,-0.0
6,18,20,-0.0
6,18,21,-0.0
6,19,1,0.0
6,19,2,1.0
6,19,3,2.0
6,19,4,3.0
6,19,5,4.0
6,19,6,5.0
6,19,7,6.0
6,19,8,7.0
6,19,9,8.0
6,19,10,9.0
6,19,11,10.0
6,19,12,11.0
6,19,13,12.0
6,19,14,-0.0
6,19,15,-0.0
6,19,16,-0.0
6,19,17,-0.0
6,19,18,-0.0
6,19,19,-0.0
6,19,20,-0.0
6,19,21,-0.0
6,2,1,0.0
6,2,2,1.0
6,2,3,2.0
6,2,4,3.0
6,2,5,4.0
6,2,6,5.0
6,2,7,6.0
6,2,8,7.0
6,2,9,8.0
6,2,10,9.0
6,2,11,10.0
6,2,12,11.0
6,2,13,12.0
6,2,14,-0.0
6,2,15,-0.0
6,2,16,-0.0
6,2,17,-0.0
6,2,18,-0.0
6,2,19,-0.0
6,2,20,-0.0
6,2,21,-0.0
6,20,1,0.0
6,20,2,1.0
6,20,3,2.0
6,20,4,3.0
6,20,5,4.0
6,20,6,5.0
6,20,7,6.0
6,20,8,7.0
6,20,9,8.0
6,20,10,9.0
6,20,11,10.0
6,20,12,11.0
6,20,13,12.0
6,20,14,13.0
6,20,15,14.0
6,20,16,15.0
6,20,17,16.0
6,20,18,-0.0
6,20,19,-0.0
6,20,20,-0.0
6,20,21,-0.0
6,21,1,0.0
6,21,2,1.0
6,21,3,2.0
6,21,4,3.0
6,21,5,4.0
6,21,6,5.0
6,21,7,6.0
6,21,8,7.0
6,21,9,8.0
6,21,10,9.0
6,21,11,10.0
6,21,12,11.0
6,21,13,12.0
6,21,14,13.0
6,21,15,14.0
6,21,16,15.0
6,21,17,16.0
6,21,18,-0.0
6,21,19,-0.0
6,21,20,-0.0
6,21,21,-0.0
6,3,1,0.0
6,3,2,1.0
6,3,3,2.0
6,3,4,3.0
6,3,5,4.0
6,3,6,5.0
6,3,7,6.0
6,3,8,7.0
6,3,9,8.0
6,3,10,9.0
6,3,11,10.0
6,3,12,11.0
6,3,13,12.0
6,3,14,-0.0
6,3,15,-0.0
6,3,16,-0.0
6,3,17,-0.0
6,3,18,-0.0
6,3,19,-0.0
6,3,20,-0.0
6,3,21,-0.0
6,4,1,0.0
6,4,2,1.0
6,4,3,2.0
6,4,4,3.0
6,4,5,4.0
6,4,6,5.0
6,4,7,6.0
6,4,8,7.0
6,4,9,8.0
6,4,10,9.0
6,4,11,10.0
6,4,12,11.0
6,4,13,12.0
6,4,14,-0.0
6,4,15,-0.0
6,4,16,-0.0
6,4,17,-0.0
6,4,18,-0.0
6,4,19,-0.0
6,4,20,-0.0
6,4,21,-0.0
6,5,1,0.0
6,5,2,1.0
6,5,3,2.0
6,5,4,3.0
6,5,5,4.0
6,5,6,5.0
6,5,7,6.0
6,5,8,7.0
6,5,9,8.0
6,5,10,9.0
6,5,11,10.0
6,5,12,11.0
6,5,13,12.0
6,5,14,-0.0
6,5,15,-0.0
6,5,16,-0.0
6,5,17,-0.0
6,5,18,-0.0
6,5,19,-0.0
6,5,20,-0.0
6,5,21,-0.0
6,6,1,0.0
6,6,2,1.0
6,6,3,2.0
6,6,4,3.0
6,6,5,4.0
6,6,6,5.0
6,6,7,6.0
6,6,8,7.0
6,6,9,8.0
6,6,10,9.0
6,6,11,10.0
6,6,12,11.0
6,6,13,12.0
6,6,14,13.0
6,6,15,14.0
6,6,16,15.0
6,6,17,16.0
6,6,18,-0.0
6,6,19,-0.0
6,6,20,-0.0
6,6,21,-0.0
6,7,1,0.0
6,7,2,1.0
6,7,3,2.0
6,7,4,3.0
6,7,5,4.0
6,7,6,5.0
6,7,7,6.0
6,7,8,7.0
6,7,9,8.0
6,7,10,9.0
6,7,11,10.0
6,7,12,11.0
6,7,13,12.0
6,7,14,13.0
6,7,15,14.0
6,7,16,15.0
6,7,17,16.0
6,7,18,-0.0
6,7,19,-0.0
6,7,20,-0.0
6,7,21,-0.0
6,8,1,0.0
6,8,2,1.0
6,8,3,2.0
6,8,4,3.0
6,8,5,4.0
6,8,6,5.0
6,8,7,6.0
6,8,8,7.0
6,8,9,8.0
6,8,10,9.0
6,8,11,10.0
6,8,12,11.0
6,8,13,12.0
6,8,14,-0.0
6,8,15,-0.0
6,8,16,-0.0
6,8,17,-0.0
6,8,18,-0.0
6,8,19,-0.0
6,8,20,-0.0
6,8,21,-0.0
6,9,1,0.0
6,9,2,1.0
6,9,3,2.0
6,9,4,3.0
6,9,5,4.0
6,9,6,5.0
6,9,7,6.0
6,9,8,7.0
6,9,9,8.0
6,9,10,9.0
6,9,11,10.0
6,9,12,11.0
6,9,13,12.0
6,9,14,-0.0
6,9,15,-0.0
6,9,16,-0.0
6,9,17,-0.0
6,9,18,-0.0
6,9,19,-0.0
6,9,20,-0.0
6,9,21,-0.0
